# Paranal Airglow Line And Continuum Emission (PALACE) model: data and code of
# v1.0 (Noll et al. 2024)
# 
# 2D reference climatologies of relative intensity, solar cycle effect, and
# residual variability for PALACE variability class K
# (see pmd_climfeat.dat for the lines/multiplets/features involved in the
# calculation of the weighted averages of the climatological properties)
# 
# Column names:
# mbin: month bin
# cDOY: central day of year
# hbin: LT bin
# cLT: central LT (for longitude of Cerro Paranal)
# wbin: weight of bin (LT fraction with solar zenith angle > 100°)
# N: size of subsample
# r: radius for subsample selection relative to 1 month and 1 hour
# I: intensity relative to climatological mean
# SCE: solar cycle effect per 100 sfu relative to mean intensity of subsample
# dSCE: uncertainty of solar cycle effect
# dI: standard deviation of residuals relative to mean intensity of subsample
# 
# Note: consistent with class-related content in palace_var.fits
# 
 mbin  cDOY  hbin   cLT  wbin    N     r      I     SCE   dSCE     dI 
    1    16     1  -5.5  0.00  109  3.00  0.662  -0.228  0.071  0.369 
    1    16     2  -4.5  0.36  101  2.40  0.621  -0.206  0.072  0.385 
    1    16     3  -3.5  1.00  102  1.80  0.588  -0.177  0.074  0.410 
    1    16     4  -2.5  1.00  109  1.50  0.565  -0.163  0.069  0.390 
    1    16     5  -1.5  1.00  112  1.60  0.609  -0.139  0.077  0.427 
    1    16     6  -0.5  1.00  105  1.50  0.657  -0.110  0.077  0.468 
    1    16     7   0.5  1.00  109  1.40  0.703  -0.098  0.071  0.468 
    1    16     8   1.5  1.00  106  1.30  0.732  -0.092  0.080  0.505 
    1    16     9   2.5  1.00  114  1.40  0.756  -0.036  0.077  0.490 
    1    16    10   3.5  1.00  102  1.50  0.737  -0.001  0.086  0.535 
    1    16    11   4.5  0.61  104  2.00  0.808  -0.091  0.091  0.494 
    1    16    12   5.5  0.00  102  2.70  0.873  -0.232  0.105  0.497 
    2    46     1  -5.5  0.00  102  2.90  0.767  -0.417  0.068  0.301 
    2    46     2  -4.5  0.57  101  2.20  0.704  -0.396  0.073  0.347 
    2    46     3  -3.5  1.00  101  1.70  0.655  -0.379  0.075  0.354 
    2    46     4  -2.5  1.00  112  1.60  0.629  -0.369  0.082  0.413 
    2    46     5  -1.5  1.00  118  1.60  0.672  -0.312  0.095  0.502 
    2    46     6  -0.5  1.00  107  1.40  0.718  -0.226  0.113  0.607 
    2    46     7   0.5  1.00  112  1.40  0.755  -0.222  0.093  0.577 
    2    46     8   1.5  1.00  103  1.30  0.778  -0.132  0.101  0.577 
    2    46     9   2.5  1.00  113  1.30  0.837  -0.205  0.095  0.538 
    2    46    10   3.5  1.00  115  1.30  0.843  -0.242  0.096  0.516 
    2    46    11   4.5  1.00  112  1.70  0.942  -0.323  0.105  0.502 
    2    46    12   5.5  0.03  106  2.40  0.960  -0.317  0.108  0.514 
    3    75     1  -5.5  0.01  106  2.70  0.953  -0.374  0.086  0.360 
    3    75     2  -4.5  1.00  101  2.00  0.907  -0.448  0.088  0.347 
    3    75     3  -3.5  1.00  109  1.60  0.850  -0.406  0.082  0.353 
    3    75     4  -2.5  1.00  102  1.40  0.823  -0.339  0.088  0.399 
    3    75     5  -1.5  1.00  105  1.40  0.814  -0.353  0.113  0.520 
    3    75     6  -0.5  1.00  108  1.40  0.858  -0.381  0.136  0.635 
    3    75     7   0.5  1.00  101  1.40  0.986  -0.447  0.166  0.731 
    3    75     8   1.5  1.00  103  1.40  0.924  -0.289  0.156  0.641 
    3    75     9   2.5  1.00  117  1.40  0.974  -0.448  0.171  0.595 
    3    75    10   3.5  1.00  104  1.20  0.976  -0.708  0.177  0.568 
    3    75    11   4.5  1.00  103  1.50  1.043  -0.633  0.151  0.518 
    3    75    12   5.5  0.32  100  2.10  1.109  -0.390  0.169  0.549 
    4   106     1  -5.5  0.52  100  2.30  1.071  -0.337  0.082  0.335 
    4   106     2  -4.5  1.00  104  1.70  1.042  -0.334  0.083  0.354 
    4   106     3  -3.5  1.00  104  1.30  1.034  -0.415  0.088  0.364 
    4   106     4  -2.5  1.00  108  1.40  1.033  -0.391  0.091  0.387 
    4   106     5  -1.5  1.00  103  1.30  1.094  -0.260  0.109  0.459 
    4   106     6  -0.5  1.00  101  1.30  1.181  -0.494  0.161  0.626 
    4   106     7   0.5  1.00  111  1.40  1.270  -0.553  0.161  0.584 
    4   106     8   1.5  1.00  112  1.40  1.276  -0.424  0.159  0.517 
    4   106     9   2.5  1.00  107  1.30  1.312  -0.437  0.152  0.485 
    4   106    10   3.5  1.00  119  1.30  1.226  -0.371  0.130  0.470 
    4   106    11   4.5  1.00  111  1.40  1.313  -0.172  0.146  0.511 
    4   106    12   5.5  0.55  108  2.00  1.349  -0.024  0.137  0.481 
    5   136     1  -5.5  0.86  109  2.20  1.122  -0.245  0.074  0.330 
    5   136     2  -4.5  1.00  102  1.50  1.131  -0.246  0.074  0.322 
    5   136     3  -3.5  1.00  102  1.30  1.138  -0.361  0.083  0.356 
    5   136     4  -2.5  1.00  115  1.40  1.143  -0.219  0.088  0.395 
    5   136     5  -1.5  1.00  106  1.40  1.214  -0.152  0.111  0.445 
    5   136     6  -0.5  1.00  101  1.30  1.516  -0.213  0.154  0.531 
    5   136     7   0.5  1.00  107  1.30  1.569  -0.295  0.159  0.524 
    5   136     8   1.5  1.00  108  1.20  1.521  -0.311  0.121  0.393 
    5   136     9   2.5  1.00  100  1.20  1.455  -0.162  0.110  0.357 
    5   136    10   3.5  1.00  107  1.30  1.380  -0.028  0.114  0.429 
    5   136    11   4.5  1.00  110  1.40  1.488   0.020  0.115  0.465 
    5   136    12   5.5  0.75  101  1.90  1.577   0.103  0.119  0.463 
    6   167     1  -5.5  0.96  103  2.00  1.093  -0.195  0.082  0.331 
    6   167     2  -4.5  1.00  107  1.50  1.109  -0.149  0.080  0.335 
    6   167     3  -3.5  1.00  101  1.40  1.150  -0.154  0.086  0.343 
    6   167     4  -2.5  1.00  103  1.50  1.173  -0.138  0.109  0.406 
    6   167     5  -1.5  1.00  104  1.50  1.289  -0.036  0.134  0.452 
    6   167     6  -0.5  1.00  114  1.50  1.396  -0.046  0.144  0.463 
    6   167     7   0.5  1.00  112  1.40  1.369  -0.009  0.147  0.456 
    6   167     8   1.5  1.00  110  1.30  1.378   0.029  0.155  0.465 
    6   167     9   2.5  1.00  110  1.30  1.415   0.038  0.153  0.481 
    6   167    10   3.5  1.00  113  1.40  1.441   0.149  0.125  0.456 
    6   167    11   4.5  1.00  100  1.40  1.562   0.219  0.129  0.468 
    6   167    12   5.5  0.95  100  1.90  1.578   0.163  0.123  0.465 
    7   197     1  -5.5  0.83  106  2.10  1.004  -0.044  0.098  0.354 
    7   197     2  -4.5  1.00  101  1.40  0.992   0.035  0.107  0.351 
    7   197     3  -3.5  1.00  105  1.30  1.002   0.045  0.124  0.370 
    7   197     4  -2.5  1.00  107  1.50  1.019  -0.007  0.124  0.379 
    7   197     5  -1.5  1.00  105  1.60  1.138  -0.056  0.147  0.399 
    7   197     6  -0.5  1.00  103  1.50  1.155  -0.103  0.174  0.431 
    7   197     7   0.5  1.00  100  1.40  1.167  -0.017  0.157  0.433 
    7   197     8   1.5  1.00  114  1.40  1.129   0.181  0.159  0.504 
    7   197     9   2.5  1.00  114  1.30  1.191   0.331  0.151  0.539 
    7   197    10   3.5  1.00  106  1.30  1.229   0.323  0.144  0.525 
    7   197    11   4.5  1.00  105  1.40  1.385   0.186  0.120  0.450 
    7   197    12   5.5  1.00  118  2.10  1.397   0.227  0.115  0.461 
    8   228     1  -5.5  0.63  101  2.10  0.896   0.173  0.137  0.379 
    8   228     2  -4.5  1.00  100  1.40  0.874   0.005  0.148  0.372 
    8   228     3  -3.5  1.00  101  1.30  0.867  -0.008  0.137  0.340 
    8   228     4  -2.5  1.00  103  1.50  0.818   0.237  0.135  0.369 
    8   228     5  -1.5  1.00  105  1.60  0.839   0.112  0.112  0.408 
    8   228     6  -0.5  1.00  112  1.60  0.786   0.064  0.093  0.429 
    8   228     7   0.5  1.00  113  1.50  0.839   0.056  0.100  0.440 
    8   228     8   1.5  1.00  102  1.40  0.909   0.135  0.110  0.453 
    8   228     9   2.5  1.00  122  1.40  1.021   0.185  0.106  0.505 
    8   228    10   3.5  1.00  114  1.30  1.022   0.149  0.084  0.432 
    8   228    11   4.5  1.00  107  1.40  1.124   0.118  0.095  0.450 
    8   228    12   5.5  0.79  112  2.10  1.291   0.150  0.108  0.460 
    9   259     1  -5.5  0.46  114  2.20  0.807   0.104  0.139  0.396 
    9   259     2  -4.5  1.00  113  1.60  0.772   0.157  0.135  0.406 
    9   259     3  -3.5  1.00  103  1.30  0.747   0.289  0.148  0.428 
    9   259     4  -2.5  1.00  104  1.40  0.791   0.181  0.110  0.436 
    9   259     5  -1.5  1.00  113  1.50  0.820  -0.048  0.084  0.419 
    9   259     6  -0.5  1.00  102  1.40  0.825  -0.032  0.079  0.425 
    9   259     7   0.5  1.00  112  1.30  0.803   0.074  0.092  0.536 
    9   259     8   1.5  1.00  105  1.20  0.928   0.035  0.113  0.611 
    9   259     9   2.5  1.00  107  1.20  0.985  -0.011  0.097  0.532 
    9   259    10   3.5  1.00  103  1.00  1.078   0.019  0.084  0.441 
    9   259    11   4.5  1.00  117  1.50  1.135   0.044  0.091  0.511 
    9   259    12   5.5  0.33  105  2.10  1.212   0.029  0.097  0.485 
   10   289     1  -5.5  0.24  109  2.40  0.752   0.037  0.107  0.403 
   10   289     2  -4.5  1.00  105  1.60  0.774   0.013  0.109  0.419 
   10   289     3  -3.5  1.00  108  1.20  0.798  -0.023  0.109  0.433 
   10   289     4  -2.5  1.00  106  1.30  0.819  -0.078  0.100  0.435 
   10   289     5  -1.5  1.00  104  1.30  0.847  -0.134  0.082  0.411 
   10   289     6  -0.5  1.00  109  1.30  0.833  -0.052  0.084  0.476 
   10   289     7   0.5  1.00  110  1.20  0.921  -0.027  0.106  0.591 
   10   289     8   1.5  1.00  103  1.10  1.073  -0.106  0.124  0.612 
   10   289     9   2.5  1.00  115  1.10  1.091  -0.081  0.107  0.556 
   10   289    10   3.5  1.00  100  1.00  1.172  -0.060  0.107  0.555 
   10   289    11   4.5  0.81  113  1.60  1.181  -0.061  0.101  0.535 
   10   289    12   5.5  0.00  113  2.30  1.169   0.036  0.101  0.535 
   11   320     1  -5.5  0.00  106  2.60  0.755  -0.031  0.096  0.422 
   11   320     2  -4.5  0.91  116  1.90  0.759  -0.072  0.086  0.423 
   11   320     3  -3.5  1.00  118  1.50  0.779  -0.089  0.084  0.434 
   11   320     4  -2.5  1.00  101  1.30  0.773  -0.171  0.088  0.443 
   11   320     5  -1.5  1.00  107  1.40  0.778  -0.209  0.075  0.393 
   11   320     6  -0.5  1.00  102  1.30  0.820  -0.183  0.090  0.463 
   11   320     7   0.5  1.00  117  1.30  0.901  -0.108  0.100  0.543 
   11   320     8   1.5  1.00  115  1.30  1.024  -0.135  0.104  0.531 
   11   320     9   2.5  1.00  106  1.30  0.994   0.078  0.124  0.593 
   11   320    10   3.5  1.00  102  1.50  1.081   0.022  0.131  0.590 
   11   320    11   4.5  0.40  115  2.00  1.118   0.012  0.110  0.567 
   11   320    12   5.5  0.00  103  2.60  1.112   0.013  0.115  0.570 
   12   350     1  -5.5  0.00  105  2.80  0.702  -0.183  0.083  0.415 
   12   350     2  -4.5  0.52  103  2.10  0.699  -0.191  0.080  0.409 
   12   350     3  -3.5  1.00  111  1.60  0.669  -0.189  0.074  0.416 
   12   350     4  -2.5  1.00  118  1.50  0.651  -0.175  0.068  0.394 
   12   350     5  -1.5  1.00  107  1.50  0.677  -0.159  0.076  0.403 
   12   350     6  -0.5  1.00  114  1.50  0.735  -0.198  0.075  0.429 
   12   350     7   0.5  1.00  107  1.40  0.823  -0.152  0.097  0.537 
   12   350     8   1.5  1.00  105  1.40  0.827  -0.057  0.104  0.566 
   12   350     9   2.5  1.00  112  1.40  0.757   0.110  0.078  0.443 
   12   350    10   3.5  1.00  105  1.60  0.782   0.086  0.084  0.492 
   12   350    11   4.5  0.31  109  2.20  0.825   0.055  0.112  0.619 
   12   350    12   5.5  0.00  103  2.80  0.919   0.032  0.120  0.609 
