# Paranal Airglow Line And Continuum Emission (PALACE) model: data and code of
# v1.0 (Noll et al. 2024)
# 
# 2D reference climatologies of relative intensity, solar cycle effect, and
# residual variability for PALACE variability class Na
# (see pmd_climfeat.dat for the lines/multiplets/features involved in the
# calculation of the weighted averages of the climatological properties)
# 
# Column names:
# mbin: month bin
# cDOY: central day of year
# hbin: LT bin
# cLT: central LT (for longitude of Cerro Paranal)
# wbin: weight of bin (LT fraction with solar zenith angle > 100°)
# N: size of subsample
# r: radius for subsample selection relative to 1 month and 1 hour
# I: intensity relative to climatological mean
# SCE: solar cycle effect per 100 sfu relative to mean intensity of subsample
# dSCE: uncertainty of solar cycle effect
# dI: standard deviation of residuals relative to mean intensity of subsample
# 
# Note: consistent with class-related content in palace_var.fits
# 
 mbin  cDOY  hbin   cLT  wbin    N     r      I     SCE   dSCE     dI 
    1    16     1  -5.5  0.00  464  2.60  0.558  -0.014  0.097  0.500 
    1    16     2  -4.5  0.36  457  1.90  0.467   0.038  0.084  0.544 
    1    16     3  -3.5  1.00  452  1.40  0.428   0.009  0.082  0.506 
    1    16     4  -2.5  1.00  470  1.20  0.424   0.200  0.070  0.482 
    1    16     5  -1.5  1.00  453  1.20  0.444   0.157  0.062  0.432 
    1    16     6  -0.5  1.00  457  1.20  0.482   0.165  0.067  0.446 
    1    16     7   0.5  1.00  467  1.20  0.503   0.191  0.069  0.458 
    1    16     8   1.5  1.00  443  1.10  0.496   0.097  0.073  0.473 
    1    16     9   2.5  1.00  457  1.10  0.469   0.139  0.068  0.445 
    1    16    10   3.5  1.00  401  1.20  0.488   0.099  0.074  0.450 
    1    16    11   4.5  0.61  403  1.70  0.540   0.123  0.072  0.470 
    1    16    12   5.5  0.00  411  2.40  0.608   0.040  0.091  0.487 
    2    46     1  -5.5  0.00  440  2.40  0.868   0.288  0.138  0.471 
    2    46     2  -4.5  0.57  418  1.70  0.686  -0.105  0.117  0.482 
    2    46     3  -3.5  1.00  412  1.20  0.570  -0.117  0.104  0.527 
    2    46     4  -2.5  1.00  488  1.20  0.590   0.056  0.087  0.488 
    2    46     5  -1.5  1.00  402  1.10  0.619   0.121  0.079  0.449 
    2    46     6  -0.5  1.00  438  1.10  0.618   0.156  0.073  0.437 
    2    46     7   0.5  1.00  403  1.00  0.652   0.116  0.078  0.470 
    2    46     8   1.5  1.00  441  1.00  0.646   0.044  0.077  0.472 
    2    46     9   2.5  1.00  440  1.00  0.639  -0.001  0.077  0.470 
    2    46    10   3.5  1.00  431  1.00  0.612   0.051  0.073  0.456 
    2    46    11   4.5  1.00  434  1.40  0.712  -0.129  0.090  0.481 
    2    46    12   5.5  0.03  438  2.20  0.891  -0.031  0.121  0.478 
    3    75     1  -5.5  0.01  416  2.10  1.239   0.553  0.109  0.413 
    3    75     2  -4.5  1.00  432  1.40  1.113   0.565  0.116  0.420 
    3    75     3  -3.5  1.00  413  1.00  0.858   0.061  0.104  0.419 
    3    75     4  -2.5  1.00  417  1.00  0.916  -0.025  0.084  0.398 
    3    75     5  -1.5  1.00  444  1.00  0.925  -0.002  0.076  0.388 
    3    75     6  -0.5  1.00  428  1.00  0.904   0.010  0.079  0.393 
    3    75     7   0.5  1.00  441  1.00  0.911  -0.012  0.083  0.413 
    3    75     8   1.5  1.00  440  1.00  0.910  -0.071  0.090  0.448 
    3    75     9   2.5  1.00  421  1.00  0.949   0.011  0.099  0.469 
    3    75    10   3.5  1.00  434  1.00  1.001  -0.049  0.099  0.481 
    3    75    11   4.5  1.00  405  1.20  1.144   0.097  0.114  0.445 
    3    75    12   5.5  0.32  407  1.90  1.277   0.174  0.114  0.433 
    4   106     1  -5.5  0.52  417  1.90  1.409   0.546  0.083  0.374 
    4   106     2  -4.5  1.00  435  1.30  1.472   0.525  0.078  0.358 
    4   106     3  -3.5  1.00  432  1.10  1.462   0.496  0.073  0.326 
    4   106     4  -2.5  1.00  442  1.10  1.446   0.330  0.070  0.334 
    4   106     5  -1.5  1.00  464  1.10  1.415   0.371  0.071  0.359 
    4   106     6  -0.5  1.00  463  1.10  1.420   0.345  0.075  0.384 
    4   106     7   0.5  1.00  401  1.00  1.523   0.386  0.080  0.375 
    4   106     8   1.5  1.00  412  1.00  1.575   0.323  0.084  0.394 
    4   106     9   2.5  1.00  419  1.00  1.667   0.271  0.085  0.415 
    4   106    10   3.5  1.00  405  1.00  1.768   0.260  0.076  0.381 
    4   106    11   4.5  1.00  468  1.30  1.782   0.253  0.077  0.380 
    4   106    12   5.5  0.55  436  1.90  1.708   0.226  0.084  0.385 
    5   136     1  -5.5  0.86  437  1.90  1.320   0.389  0.086  0.378 
    5   136     2  -4.5  1.00  445  1.30  1.387   0.560  0.080  0.367 
    5   136     3  -3.5  1.00  431  1.20  1.389   0.538  0.074  0.351 
    5   136     4  -2.5  1.00  415  1.20  1.385   0.427  0.072  0.350 
    5   136     5  -1.5  1.00  442  1.20  1.395   0.479  0.073  0.378 
    5   136     6  -0.5  1.00  441  1.20  1.436   0.417  0.077  0.400 
    5   136     7   0.5  1.00  449  1.20  1.544   0.371  0.076  0.394 
    5   136     8   1.5  1.00  448  1.20  1.654   0.299  0.076  0.383 
    5   136     9   2.5  1.00  429  1.20  1.763   0.248  0.077  0.392 
    5   136    10   3.5  1.00  407  1.20  1.870   0.293  0.072  0.357 
    5   136    11   4.5  1.00  415  1.30  1.820   0.286  0.073  0.354 
    5   136    12   5.5  0.75  451  1.90  1.719   0.286  0.076  0.360 
    6   167     1  -5.5  0.96  423  1.90  1.048   0.223  0.096  0.401 
    6   167     2  -4.5  1.00  402  1.30  0.950   0.181  0.086  0.386 
    6   167     3  -3.5  1.00  461  1.30  0.933   0.268  0.083  0.400 
    6   167     4  -2.5  1.00  441  1.30  0.936   0.377  0.086  0.393 
    6   167     5  -1.5  1.00  442  1.30  0.945   0.348  0.088  0.404 
    6   167     6  -0.5  1.00  427  1.30  0.969   0.342  0.094  0.428 
    6   167     7   0.5  1.00  409  1.30  1.044   0.273  0.104  0.425 
    6   167     8   1.5  1.00  419  1.30  1.124   0.260  0.102  0.435 
    6   167     9   2.5  1.00  414  1.30  1.163   0.402  0.101  0.415 
    6   167    10   3.5  1.00  427  1.30  1.205   0.247  0.094  0.386 
    6   167    11   4.5  1.00  423  1.30  1.296   0.331  0.095  0.381 
    6   167    12   5.5  0.95  417  1.80  1.339   0.424  0.104  0.397 
    7   197     1  -5.5  0.83  450  1.90  0.872   0.229  0.097  0.425 
    7   197     2  -4.5  1.00  401  1.30  0.786   0.383  0.095  0.418 
    7   197     3  -3.5  1.00  434  1.30  0.764   0.560  0.095  0.433 
    7   197     4  -2.5  1.00  402  1.30  0.751   0.604  0.101  0.429 
    7   197     5  -1.5  1.00  437  1.40  0.729   0.476  0.104  0.445 
    7   197     6  -0.5  1.00  438  1.40  0.708   0.522  0.104  0.448 
    7   197     7   0.5  1.00  465  1.40  0.702   0.375  0.099  0.441 
    7   197     8   1.5  1.00  410  1.30  0.717   0.384  0.101  0.423 
    7   197     9   2.5  1.00  432  1.30  0.795   0.464  0.103  0.418 
    7   197    10   3.5  1.00  425  1.20  0.839   0.397  0.105  0.410 
    7   197    11   4.5  1.00  429  1.20  0.923   0.331  0.101  0.405 
    7   197    12   5.5  1.00  429  1.70  0.989   0.217  0.101  0.402 
    8   228     1  -5.5  0.63  425  1.90  0.896   0.136  0.126  0.503 
    8   228     2  -4.5  1.00  416  1.30  0.871   0.500  0.112  0.416 
    8   228     3  -3.5  1.00  486  1.30  0.831   0.660  0.095  0.381 
    8   228     4  -2.5  1.00  429  1.30  0.796   0.653  0.100  0.360 
    8   228     5  -1.5  1.00  455  1.30  0.785   0.694  0.100  0.376 
    8   228     6  -0.5  1.00  412  1.20  0.778   0.737  0.102  0.377 
    8   228     7   0.5  1.00  419  1.10  0.755   0.619  0.100  0.366 
    8   228     8   1.5  1.00  451  1.10  0.800   0.595  0.104  0.400 
    8   228     9   2.5  1.00  468  1.10  0.858   0.519  0.106  0.399 
    8   228    10   3.5  1.00  433  1.00  0.876   0.451  0.116  0.418 
    8   228    11   4.5  1.00  440  1.10  0.945   0.394  0.115  0.430 
    8   228    12   5.5  0.79  423  1.70  0.973   0.309  0.108  0.419 
    9   259     1  -5.5  0.46  420  1.90  1.085   0.193  0.116  0.507 
    9   259     2  -4.5  1.00  446  1.30  1.114   0.301  0.112  0.493 
    9   259     3  -3.5  1.00  466  1.20  1.067   0.279  0.104  0.469 
    9   259     4  -2.5  1.00  412  1.10  1.017   0.093  0.112  0.457 
    9   259     5  -1.5  1.00  447  1.10  0.984   0.085  0.092  0.409 
    9   259     6  -0.5  1.00  426  1.00  0.950   0.205  0.091  0.403 
    9   259     7   0.5  1.00  476  1.00  0.969   0.182  0.087  0.399 
    9   259     8   1.5  1.00  496  1.00  1.033   0.296  0.079  0.375 
    9   259     9   2.5  1.00  517  1.00  1.123   0.125  0.083  0.403 
    9   259    10   3.5  1.00  500  1.00  1.210   0.007  0.090  0.427 
    9   259    11   4.5  1.00  423  1.20  1.194   0.112  0.101  0.420 
    9   259    12   5.5  0.33  457  1.90  1.135   0.216  0.105  0.437 
   10   289     1  -5.5  0.24  417  2.00  1.176   0.032  0.089  0.477 
   10   289     2  -4.5  1.00  461  1.40  1.180  -0.013  0.076  0.457 
   10   289     3  -3.5  1.00  436  1.00  1.220   0.085  0.071  0.437 
   10   289     4  -2.5  1.00  456  1.00  1.192   0.003  0.066  0.417 
   10   289     5  -1.5  1.00  485  1.00  1.131  -0.028  0.056  0.374 
   10   289     6  -0.5  1.00  507  1.00  1.146   0.023  0.056  0.391 
   10   289     7   0.5  1.00  507  1.00  1.199   0.185  0.056  0.386 
   10   289     8   1.5  1.00  492  1.00  1.287   0.275  0.054  0.368 
   10   289     9   2.5  1.00  468  1.00  1.389   0.140  0.061  0.394 
   10   289    10   3.5  1.00  451  1.10  1.444  -0.061  0.066  0.397 
   10   289    11   4.5  0.81  417  1.50  1.449  -0.048  0.074  0.401 
   10   289    12   5.5  0.00  420  2.20  1.335  -0.057  0.086  0.409 
   11   320     1  -5.5  0.00  452  2.30  1.030  -0.123  0.089  0.511 
   11   320     2  -4.5  0.91  426  1.50  0.975   0.000  0.081  0.419 
   11   320     3  -3.5  1.00  415  1.00  0.882   0.034  0.077  0.403 
   11   320     4  -2.5  1.00  483  1.00  0.841   0.074  0.070  0.417 
   11   320     5  -1.5  1.00  509  1.00  0.894   0.013  0.063  0.415 
   11   320     6  -0.5  1.00  476  1.00  0.960   0.012  0.061  0.397 
   11   320     7   0.5  1.00  439  1.00  1.004   0.131  0.067  0.400 
   11   320     8   1.5  1.00  438  1.00  1.059   0.173  0.075  0.434 
   11   320     9   2.5  1.00  406  1.00  1.068   0.004  0.082  0.445 
   11   320    10   3.5  1.00  440  1.30  1.161  -0.094  0.084  0.439 
   11   320    11   4.5  0.40  445  1.90  1.204  -0.208  0.082  0.439 
   11   320    12   5.5  0.00  458  2.60  1.253  -0.179  0.081  0.431 
   12   350     1  -5.5  0.00  454  2.50  0.761   0.030  0.096  0.470 
   12   350     2  -4.5  0.52  454  1.80  0.632   0.054  0.087  0.441 
   12   350     3  -3.5  1.00  402  1.20  0.499   0.166  0.073  0.444 
   12   350     4  -2.5  1.00  409  1.00  0.451   0.297  0.066  0.463 
   12   350     5  -1.5  1.00  479  1.10  0.530   0.311  0.070  0.467 
   12   350     6  -0.5  1.00  420  1.10  0.569   0.301  0.075  0.447 
   12   350     7   0.5  1.00  461  1.20  0.572   0.236  0.071  0.428 
   12   350     8   1.5  1.00  402  1.10  0.535   0.157  0.079  0.453 
   12   350     9   2.5  1.00  405  1.10  0.508   0.210  0.078  0.457 
   12   350    10   3.5  1.00  412  1.40  0.587  -0.018  0.088  0.453 
   12   350    11   4.5  0.31  409  1.90  0.659  -0.032  0.106  0.470 
   12   350    12   5.5  0.00  466  2.70  0.787  -0.083  0.107  0.465 
