# Paranal Airglow Line And Continuum Emission (PALACE) model: data and code of
# v1.0 (Noll et al. 2024)
# 
# 2D reference climatologies of relative intensity, solar cycle effect, and
# residual variability for PALACE variability class O2Ac
# (see pmd_climfeat.dat for the lines/multiplets/features involved in the
# calculation of the weighted averages of the climatological properties)
# 
# Column names:
# mbin: month bin
# cDOY: central day of year
# hbin: LT bin
# cLT: central LT (for longitude of Cerro Paranal)
# wbin: weight of bin (LT fraction with solar zenith angle > 100°)
# N: size of subsample
# r: radius for subsample selection relative to 1 month and 1 hour
# I: intensity relative to climatological mean
# SCE: solar cycle effect per 100 sfu relative to mean intensity of subsample
# dSCE: uncertainty of solar cycle effect
# dI: standard deviation of residuals relative to mean intensity of subsample
# 
# Note: consistent with class-related content in palace_var.fits
# 
 mbin  cDOY  hbin   cLT  wbin    N     r      I     SCE   dSCE     dI 
    1    16     1  -5.5  0.00  428  2.80  0.967   0.348  0.066  0.385 
    1    16     2  -4.5  0.36  401  2.10  0.955   0.331  0.071  0.408 
    1    16     3  -3.5  1.00  441  1.70  0.947   0.357  0.065  0.411 
    1    16     4  -2.5  1.00  444  1.40  0.948   0.207  0.060  0.390 
    1    16     5  -1.5  1.00  433  1.40  1.020   0.241  0.056  0.374 
    1    16     6  -0.5  1.00  422  1.40  1.037   0.272  0.058  0.357 
    1    16     7   0.5  1.00  427  1.40  1.015   0.297  0.058  0.358 
    1    16     8   1.5  1.00  407  1.30  0.953   0.212  0.057  0.356 
    1    16     9   2.5  1.00  442  1.30  0.905   0.179  0.054  0.351 
    1    16    10   3.5  1.00  407  1.50  0.855   0.223  0.062  0.380 
    1    16    11   4.5  0.61  420  2.00  0.862   0.198  0.062  0.381 
    1    16    12   5.5  0.00  443  2.80  0.908   0.175  0.064  0.379 
    2    46     1  -5.5  0.00  423  2.80  1.013   0.348  0.073  0.382 
    2    46     2  -4.5  0.57  415  2.10  1.003   0.379  0.077  0.388 
    2    46     3  -3.5  1.00  418  1.60  0.976   0.373  0.072  0.383 
    2    46     4  -2.5  1.00  437  1.40  1.009   0.448  0.067  0.397 
    2    46     5  -1.5  1.00  452  1.40  1.041   0.458  0.060  0.385 
    2    46     6  -0.5  1.00  410  1.30  1.053   0.469  0.065  0.392 
    2    46     7   0.5  1.00  461  1.30  1.024   0.479  0.059  0.362 
    2    46     8   1.5  1.00  496  1.30  1.013   0.364  0.059  0.356 
    2    46     9   2.5  1.00  422  1.20  0.951   0.259  0.061  0.349 
    2    46    10   3.5  1.00  412  1.20  0.908   0.169  0.071  0.391 
    2    46    11   4.5  1.00  433  1.80  0.964   0.143  0.072  0.389 
    2    46    12   5.5  0.03  406  2.50  1.020   0.098  0.082  0.402 
    3    75     1  -5.5  0.01  413  2.60  1.046   0.372  0.072  0.354 
    3    75     2  -4.5  1.00  417  1.90  1.081   0.385  0.068  0.348 
    3    75     3  -3.5  1.00  405  1.40  1.105   0.507  0.068  0.347 
    3    75     4  -2.5  1.00  470  1.40  1.110   0.574  0.059  0.352 
    3    75     5  -1.5  1.00  429  1.30  1.105   0.535  0.060  0.359 
    3    75     6  -0.5  1.00  440  1.30  1.099   0.554  0.061  0.356 
    3    75     7   0.5  1.00  460  1.30  1.109   0.464  0.060  0.336 
    3    75     8   1.5  1.00  407  1.20  1.121   0.328  0.062  0.315 
    3    75     9   2.5  1.00  465  1.30  1.117   0.266  0.061  0.330 
    3    75    10   3.5  1.00  453  1.30  1.117   0.216  0.071  0.363 
    3    75    11   4.5  1.00  421  1.70  1.140   0.152  0.080  0.380 
    3    75    12   5.5  0.32  431  2.40  1.156   0.198  0.076  0.368 
    4   106     1  -5.5  0.52  401  2.30  0.999   0.404  0.076  0.361 
    4   106     2  -4.5  1.00  439  1.70  1.025   0.402  0.070  0.351 
    4   106     3  -3.5  1.00  406  1.30  1.110   0.268  0.069  0.338 
    4   106     4  -2.5  1.00  451  1.40  1.093   0.357  0.062  0.332 
    4   106     5  -1.5  1.00  440  1.40  1.090   0.396  0.061  0.327 
    4   106     6  -0.5  1.00  419  1.40  1.127   0.318  0.061  0.313 
    4   106     7   0.5  1.00  449  1.40  1.173   0.267  0.055  0.294 
    4   106     8   1.5  1.00  427  1.40  1.238   0.258  0.055  0.278 
    4   106     9   2.5  1.00  441  1.40  1.292   0.287  0.056  0.294 
    4   106    10   3.5  1.00  405  1.40  1.351   0.300  0.061  0.312 
    4   106    11   4.5  1.00  410  1.70  1.281   0.246  0.067  0.338 
    4   106    12   5.5  0.55  448  2.40  1.258   0.285  0.067  0.349 
    5   136     1  -5.5  0.86  429  2.40  0.905   0.463  0.087  0.396 
    5   136     2  -4.5  1.00  408  1.70  0.930   0.426  0.083  0.387 
    5   136     3  -3.5  1.00  419  1.50  0.964   0.442  0.076  0.376 
    5   136     4  -2.5  1.00  410  1.50  0.976   0.482  0.076  0.370 
    5   136     5  -1.5  1.00  400  1.50  0.986   0.557  0.073  0.348 
    5   136     6  -0.5  1.00  403  1.60  1.027   0.559  0.071  0.328 
    5   136     7   0.5  1.00  406  1.60  1.097   0.439  0.066  0.305 
    5   136     8   1.5  1.00  433  1.70  1.173   0.365  0.062  0.297 
    5   136     9   2.5  1.00  429  1.70  1.257   0.371  0.056  0.280 
    5   136    10   3.5  1.00  440  1.70  1.353   0.343  0.058  0.315 
    5   136    11   4.5  1.00  436  1.90  1.335   0.389  0.062  0.333 
    5   136    12   5.5  0.75  425  2.40  1.298   0.376  0.067  0.339 
    6   167     1  -5.5  0.96  408  2.40  0.762   0.612  0.101  0.451 
    6   167     2  -4.5  1.00  402  1.80  0.724   0.498  0.098  0.449 
    6   167     3  -3.5  1.00  441  1.70  0.727   0.529  0.090  0.422 
    6   167     4  -2.5  1.00  416  1.70  0.741   0.569  0.092  0.422 
    6   167     5  -1.5  1.00  416  1.80  0.770   0.761  0.087  0.400 
    6   167     6  -0.5  1.00  409  1.80  0.820   0.823  0.086  0.385 
    6   167     7   0.5  1.00  403  1.80  0.878   0.627  0.081  0.351 
    6   167     8   1.5  1.00  432  1.80  0.957   0.594  0.078  0.335 
    6   167     9   2.5  1.00  413  1.70  1.046   0.505  0.073  0.316 
    6   167    10   3.5  1.00  408  1.60  1.129   0.499  0.073  0.342 
    6   167    11   4.5  1.00  400  1.70  1.154   0.464  0.073  0.344 
    6   167    12   5.5  0.95  400  2.20  1.164   0.471  0.075  0.346 
    7   197     1  -5.5  0.83  413  2.50  0.660   0.508  0.105  0.452 
    7   197     2  -4.5  1.00  425  2.00  0.629   0.507  0.109  0.470 
    7   197     3  -3.5  1.00  437  1.80  0.619   0.510  0.110  0.475 
    7   197     4  -2.5  1.00  402  1.80  0.638   0.693  0.112  0.460 
    7   197     5  -1.5  1.00  454  1.90  0.645   0.649  0.100  0.421 
    7   197     6  -0.5  1.00  430  1.80  0.662   0.531  0.098  0.405 
    7   197     7   0.5  1.00  406  1.70  0.702   0.483  0.094  0.390 
    7   197     8   1.5  1.00  460  1.70  0.789   0.512  0.085  0.369 
    7   197     9   2.5  1.00  437  1.60  0.900   0.615  0.085  0.363 
    7   197    10   3.5  1.00  448  1.50  0.987   0.541  0.084  0.374 
    7   197    11   4.5  1.00  406  1.50  1.043   0.495  0.087  0.374 
    7   197    12   5.5  1.00  418  2.10  1.035   0.517  0.085  0.379 
    8   228     1  -5.5  0.63  423  2.60  0.690   0.210  0.124  0.473 
    8   228     2  -4.5  1.00  407  2.00  0.659   0.245  0.139  0.495 
    8   228     3  -3.5  1.00  412  1.70  0.643   0.459  0.139  0.501 
    8   228     4  -2.5  1.00  419  1.70  0.655   0.432  0.137  0.477 
    8   228     5  -1.5  1.00  435  1.70  0.694   0.504  0.121  0.445 
    8   228     6  -0.5  1.00  400  1.50  0.688   0.487  0.113  0.426 
    8   228     7   0.5  1.00  418  1.40  0.721   0.611  0.100  0.389 
    8   228     8   1.5  1.00  418  1.30  0.815   0.605  0.101  0.389 
    8   228     9   2.5  1.00  452  1.30  0.909   0.729  0.092  0.386 
    8   228    10   3.5  1.00  401  1.20  0.943   0.648  0.096  0.384 
    8   228    11   4.5  1.00  431  1.40  0.949   0.498  0.091  0.390 
    8   228    12   5.5  0.79  407  2.00  0.973   0.485  0.087  0.377 
    9   259     1  -5.5  0.46  427  2.50  0.831   0.403  0.094  0.412 
    9   259     2  -4.5  1.00  406  1.80  0.852   0.353  0.103  0.423 
    9   259     3  -3.5  1.00  445  1.50  0.893   0.424  0.093  0.420 
    9   259     4  -2.5  1.00  448  1.50  0.936   0.561  0.085  0.402 
    9   259     5  -1.5  1.00  426  1.40  0.890   0.554  0.087  0.384 
    9   259     6  -0.5  1.00  426  1.30  0.866   0.357  0.096  0.410 
    9   259     7   0.5  1.00  466  1.30  0.886   0.437  0.089  0.395 
    9   259     8   1.5  1.00  436  1.20  0.958   0.390  0.086  0.354 
    9   259     9   2.5  1.00  443  1.20  1.032   0.332  0.080  0.352 
    9   259    10   3.5  1.00  449  1.20  1.039   0.317  0.078  0.361 
    9   259    11   4.5  1.00  423  1.50  1.012   0.349  0.081  0.367 
    9   259    12   5.5  0.33  409  2.20  0.997   0.397  0.086  0.383 
   10   289     1  -5.5  0.24  409  2.40  0.992   0.381  0.073  0.394 
   10   289     2  -4.5  1.00  418  1.70  1.015   0.352  0.068  0.388 
   10   289     3  -3.5  1.00  446  1.30  1.067   0.284  0.061  0.372 
   10   289     4  -2.5  1.00  465  1.30  1.092   0.364  0.059  0.381 
   10   289     5  -1.5  1.00  413  1.20  1.081   0.422  0.056  0.341 
   10   289     6  -0.5  1.00  402  1.20  1.081   0.381  0.056  0.351 
   10   289     7   0.5  1.00  428  1.20  1.101   0.332  0.056  0.350 
   10   289     8   1.5  1.00  413  1.20  1.153   0.220  0.053  0.322 
   10   289     9   2.5  1.00  476  1.30  1.197   0.142  0.048  0.313 
   10   289    10   3.5  1.00  425  1.40  1.172   0.071  0.055  0.322 
   10   289    11   4.5  0.81  416  1.80  1.114   0.145  0.066  0.352 
   10   289    12   5.5  0.00  415  2.50  1.055   0.258  0.074  0.365 
   11   320     1  -5.5  0.00  414  2.50  1.061   0.314  0.062  0.381 
   11   320     2  -4.5  0.91  401  1.70  1.090   0.305  0.059  0.368 
   11   320     3  -3.5  1.00  425  1.20  1.115   0.302  0.055  0.362 
   11   320     4  -2.5  1.00  403  1.10  1.174   0.385  0.054  0.359 
   11   320     5  -1.5  1.00  477  1.20  1.183   0.387  0.045  0.334 
   11   320     6  -0.5  1.00  431  1.20  1.196   0.433  0.047  0.336 
   11   320     7   0.5  1.00  409  1.20  1.188   0.405  0.048  0.334 
   11   320     8   1.5  1.00  466  1.30  1.205   0.278  0.043  0.312 
   11   320     9   2.5  1.00  450  1.30  1.182   0.062  0.042  0.296 
   11   320    10   3.5  1.00  410  1.60  1.169   0.035  0.047  0.304 
   11   320    11   4.5  0.40  433  2.20  1.115   0.036  0.052  0.329 
   11   320    12   5.5  0.00  412  2.80  1.070   0.090  0.060  0.346 
   12   350     1  -5.5  0.00  429  2.70  1.026   0.293  0.060  0.381 
   12   350     2  -4.5  0.52  415  1.90  1.032   0.334  0.062  0.395 
   12   350     3  -3.5  1.00  442  1.40  1.041   0.278  0.061  0.399 
   12   350     4  -2.5  1.00  431  1.20  1.091   0.328  0.058  0.379 
   12   350     5  -1.5  1.00  425  1.20  1.145   0.377  0.051  0.339 
   12   350     6  -0.5  1.00  446  1.30  1.164   0.474  0.049  0.334 
   12   350     7   0.5  1.00  455  1.40  1.130   0.416  0.052  0.341 
   12   350     8   1.5  1.00  408  1.30  1.064   0.246  0.053  0.330 
   12   350     9   2.5  1.00  431  1.30  0.987   0.159  0.050  0.328 
   12   350    10   3.5  1.00  450  1.70  0.959   0.172  0.052  0.338 
   12   350    11   4.5  0.31  410  2.20  0.967   0.134  0.059  0.348 
   12   350    12   5.5  0.00  432  2.90  0.959   0.166  0.060  0.368 
