# Paranal Airglow Line And Continuum Emission (PALACE) model: data and code of
# v1.0 (Noll et al. 2024)
# 
# 2D reference climatologies of relative intensity, solar cycle effect, and
# residual variability for PALACE variability class FeO
# (see pmd_climfeat.dat for the lines/multiplets/features involved in the
# calculation of the weighted averages of the climatological properties)
# 
# Column names:
# mbin: month bin
# cDOY: central day of year
# hbin: LT bin
# cLT: central LT (for longitude of Cerro Paranal)
# wbin: weight of bin (LT fraction with solar zenith angle > 100°)
# N: size of subsample
# r: radius for subsample selection relative to 1 month and 1 hour
# I: intensity relative to climatological mean
# SCE: solar cycle effect per 100 sfu relative to mean intensity of subsample
# dSCE: uncertainty of solar cycle effect
# dI: standard deviation of residuals relative to mean intensity of subsample
# 
# Note: consistent with class-related content in palace_var.fits
# 
 mbin  cDOY  hbin   cLT  wbin    N     r      I     SCE   dSCE     dI 
    1    16     1  -5.5  0.00  256  2.50  0.753   0.162  0.090  0.376 
    1    16     2  -4.5  0.36  216  1.70  0.683   0.283  0.103  0.439 
    1    16     3  -3.5  1.00  218  1.20  0.656   0.363  0.105  0.451 
    1    16     4  -2.5  1.00  237  1.00  0.626   0.338  0.092  0.440 
    1    16     5  -1.5  1.00  222  1.00  0.624   0.221  0.096  0.443 
    1    16     6  -0.5  1.00  207  1.00  0.612   0.098  0.096  0.413 
    1    16     7   0.5  1.00  215  1.00  0.602   0.131  0.091  0.402 
    1    16     8   1.5  1.00  246  1.00  0.579   0.179  0.069  0.350 
    1    16     9   2.5  1.00  275  1.00  0.548   0.167  0.060  0.335 
    1    16    10   3.5  1.00  207  1.00  0.573   0.071  0.076  0.365 
    1    16    11   4.5  0.61  228  1.60  0.634   0.097  0.080  0.351 
    1    16    12   5.5  0.00  222  2.30  0.696  -0.028  0.093  0.342 
    2    46     1  -5.5  0.00  237  2.40  1.040   0.302  0.104  0.297 
    2    46     2  -4.5  0.57  202  1.60  0.923   0.127  0.106  0.312 
    2    46     3  -3.5  1.00  239  1.20  0.836   0.014  0.093  0.342 
    2    46     4  -2.5  1.00  252  1.10  0.787  -0.169  0.084  0.329 
    2    46     5  -1.5  1.00  215  1.00  0.802  -0.283  0.077  0.319 
    2    46     6  -0.5  1.00  228  1.00  0.811  -0.106  0.082  0.344 
    2    46     7   0.5  1.00  264  1.00  0.790  -0.084  0.079  0.347 
    2    46     8   1.5  1.00  280  1.00  0.761  -0.112  0.085  0.374 
    2    46     9   2.5  1.00  296  1.00  0.745  -0.031  0.076  0.352 
    2    46    10   3.5  1.00  286  1.00  0.736  -0.054  0.074  0.335 
    2    46    11   4.5  1.00  217  1.20  0.784  -0.152  0.093  0.329 
    2    46    12   5.5  0.03  221  2.00  0.820  -0.239  0.101  0.346 
    3    75     1  -5.5  0.01  218  2.00  1.344   0.185  0.104  0.325 
    3    75     2  -4.5  1.00  214  1.30  1.216   0.433  0.102  0.304 
    3    75     3  -3.5  1.00  231  1.00  1.031  -0.010  0.082  0.283 
    3    75     4  -2.5  1.00  233  1.00  1.059  -0.177  0.073  0.277 
    3    75     5  -1.5  1.00  266  1.00  1.031  -0.268  0.065  0.279 
    3    75     6  -0.5  1.00  271  1.00  0.987  -0.244  0.065  0.286 
    3    75     7   0.5  1.00  305  1.00  0.942  -0.253  0.062  0.282 
    3    75     8   1.5  1.00  300  1.00  0.912  -0.293  0.069  0.322 
    3    75     9   2.5  1.00  287  1.00  0.935  -0.263  0.076  0.351 
    3    75    10   3.5  1.00  295  1.00  0.948  -0.279  0.080  0.367 
    3    75    11   4.5  1.00  205  1.10  0.959  -0.366  0.104  0.362 
    3    75    12   5.5  0.32  209  1.80  1.032  -0.182  0.109  0.317 
    4   106     1  -5.5  0.52  200  1.70  1.553  -0.198  0.105  0.342 
    4   106     2  -4.5  1.00  214  1.10  1.584  -0.242  0.096  0.328 
    4   106     3  -3.5  1.00  230  1.00  1.521   0.068  0.082  0.300 
    4   106     4  -2.5  1.00  225  1.00  1.464   0.133  0.076  0.276 
    4   106     5  -1.5  1.00  218  1.00  1.408  -0.001  0.076  0.277 
    4   106     6  -0.5  1.00  203  1.00  1.346   0.010  0.080  0.285 
    4   106     7   0.5  1.00  216  1.00  1.256   0.026  0.086  0.300 
    4   106     8   1.5  1.00  226  1.00  1.257   0.077  0.088  0.305 
    4   106     9   2.5  1.00  207  1.00  1.275   0.036  0.092  0.314 
    4   106    10   3.5  1.00  204  1.00  1.365   0.028  0.086  0.325 
    4   106    11   4.5  1.00  210  1.20  1.437   0.213  0.088  0.301 
    4   106    12   5.5  0.55  232  1.90  1.315   0.268  0.094  0.305 
    5   136     1  -5.5  0.86  213  1.70  1.431  -0.122  0.106  0.358 
    5   136     2  -4.5  1.00  234  1.10  1.482  -0.119  0.098  0.365 
    5   136     3  -3.5  1.00  246  1.10  1.439   0.025  0.096  0.368 
    5   136     4  -2.5  1.00  218  1.10  1.415   0.106  0.091  0.339 
    5   136     5  -1.5  1.00  207  1.10  1.378   0.035  0.091  0.333 
    5   136     6  -0.5  1.00  204  1.10  1.304   0.133  0.097  0.350 
    5   136     7   0.5  1.00  200  1.10  1.350   0.054  0.100  0.352 
    5   136     8   1.5  1.00  220  1.20  1.380   0.210  0.090  0.328 
    5   136     9   2.5  1.00  214  1.20  1.433   0.120  0.084  0.316 
    5   136    10   3.5  1.00  210  1.20  1.474   0.213  0.083  0.305 
    5   136    11   4.5  1.00  231  1.30  1.445   0.274  0.074  0.280 
    5   136    12   5.5  0.75  214  1.80  1.382   0.286  0.082  0.286 
    6   167     1  -5.5  0.96  211  1.80  1.170  -0.234  0.126  0.383 
    6   167     2  -4.5  1.00  220  1.30  1.069  -0.120  0.124  0.403 
    6   167     3  -3.5  1.00  211  1.20  0.972   0.211  0.118  0.400 
    6   167     4  -2.5  1.00  237  1.30  0.993   0.198  0.119  0.381 
    6   167     5  -1.5  1.00  223  1.30  0.982   0.099  0.124  0.408 
    6   167     6  -0.5  1.00  237  1.40  1.035   0.134  0.122  0.421 
    6   167     7   0.5  1.00  208  1.30  1.048  -0.013  0.134  0.404 
    6   167     8   1.5  1.00  216  1.30  1.126   0.265  0.121  0.405 
    6   167     9   2.5  1.00  219  1.30  1.101   0.613  0.114  0.362 
    6   167    10   3.5  1.00  225  1.20  1.088   0.469  0.109  0.348 
    6   167    11   4.5  1.00  213  1.10  1.108   0.476  0.099  0.337 
    6   167    12   5.5  0.95  210  1.60  1.138   0.584  0.105  0.341 
    7   197     1  -5.5  0.83  224  1.90  0.951  -0.087  0.108  0.346 
    7   197     2  -4.5  1.00  221  1.40  0.884  -0.026  0.112  0.362 
    7   197     3  -3.5  1.00  232  1.30  0.825   0.143  0.105  0.351 
    7   197     4  -2.5  1.00  215  1.30  0.826   0.256  0.116  0.356 
    7   197     5  -1.5  1.00  214  1.40  0.841   0.272  0.138  0.412 
    7   197     6  -0.5  1.00  225  1.40  0.808   0.238  0.134  0.417 
    7   197     7   0.5  1.00  204  1.30  0.812   0.016  0.142  0.412 
    7   197     8   1.5  1.00  202  1.20  0.835   0.283  0.139  0.411 
    7   197     9   2.5  1.00  226  1.20  0.834   0.481  0.118  0.373 
    7   197    10   3.5  1.00  236  1.10  0.861   0.596  0.110  0.341 
    7   197    11   4.5  1.00  216  1.00  0.904   0.563  0.113  0.364 
    7   197    12   5.5  1.00  221  1.50  0.927   0.579  0.111  0.367 
    8   228     1  -5.5  0.63  220  2.00  0.961  -0.088  0.118  0.328 
    8   228     2  -4.5  1.00  202  1.30  0.931   0.060  0.121  0.330 
    8   228     3  -3.5  1.00  211  1.20  0.882   0.067  0.128  0.331 
    8   228     4  -2.5  1.00  229  1.30  0.860   0.160  0.112  0.303 
    8   228     5  -1.5  1.00  203  1.20  0.853   0.115  0.114  0.309 
    8   228     6  -0.5  1.00  234  1.20  0.830   0.140  0.105  0.291 
    8   228     7   0.5  1.00  226  1.00  0.817   0.294  0.108  0.292 
    8   228     8   1.5  1.00  250  1.00  0.823   0.408  0.098  0.300 
    8   228     9   2.5  1.00  272  1.00  0.839   0.263  0.093  0.287 
    8   228    10   3.5  1.00  298  1.00  0.884   0.238  0.090  0.288 
    8   228    11   4.5  1.00  266  1.00  0.860   0.438  0.093  0.298 
    8   228    12   5.5  0.79  221  1.50  0.864   0.451  0.110  0.325 
    9   259     1  -5.5  0.46  211  1.90  1.148   0.070  0.110  0.306 
    9   259     2  -4.5  1.00  216  1.30  1.174   0.127  0.105  0.297 
    9   259     3  -3.5  1.00  206  1.10  1.100  -0.049  0.138  0.347 
    9   259     4  -2.5  1.00  220  1.10  1.049  -0.091  0.136  0.368 
    9   259     5  -1.5  1.00  233  1.00  1.002  -0.127  0.111  0.339 
    9   259     6  -0.5  1.00  257  1.00  0.965  -0.228  0.105  0.324 
    9   259     7   0.5  1.00  282  1.00  0.938  -0.250  0.097  0.318 
    9   259     8   1.5  1.00  311  1.00  0.947  -0.090  0.092  0.324 
    9   259     9   2.5  1.00  332  1.00  0.993  -0.125  0.105  0.388 
    9   259    10   3.5  1.00  335  1.00  1.029  -0.201  0.083  0.321 
    9   259    11   4.5  1.00  214  1.00  1.023  -0.177  0.098  0.291 
    9   259    12   5.5  0.33  213  1.70  0.956   0.082  0.114  0.313 
   10   289     1  -5.5  0.24  227  1.90  1.183  -0.046  0.071  0.286 
   10   289     2  -4.5  1.00  200  1.10  1.235  -0.086  0.075  0.299 
   10   289     3  -3.5  1.00  296  1.00  1.224  -0.050  0.060  0.310 
   10   289     4  -2.5  1.00  280  1.00  1.237   0.009  0.065  0.326 
   10   289     5  -1.5  1.00  291  1.00  1.148   0.019  0.059  0.314 
   10   289     6  -0.5  1.00  300  1.00  1.118  -0.075  0.056  0.306 
   10   289     7   0.5  1.00  305  1.00  1.124   0.051  0.055  0.304 
   10   289     8   1.5  1.00  295  1.00  1.131   0.172  0.061  0.326 
   10   289     9   2.5  1.00  275  1.00  1.164   0.167  0.075  0.372 
   10   289    10   3.5  1.00  226  1.00  1.181   0.029  0.082  0.367 
   10   289    11   4.5  0.81  208  1.40  1.113  -0.121  0.081  0.315 
   10   289    12   5.5  0.00  226  2.10  1.059  -0.048  0.088  0.301 
   11   320     1  -5.5  0.00  219  2.00  1.073  -0.101  0.080  0.309 
   11   320     2  -4.5  0.91  215  1.20  1.023  -0.078  0.079  0.324 
   11   320     3  -3.5  1.00  330  1.00  0.979  -0.048  0.067  0.341 
   11   320     4  -2.5  1.00  339  1.00  0.968   0.049  0.065  0.342 
   11   320     5  -1.5  1.00  331  1.00  0.961   0.058  0.057  0.327 
   11   320     6  -0.5  1.00  320  1.00  0.992  -0.021  0.054  0.333 
   11   320     7   0.5  1.00  284  1.00  1.003   0.088  0.059  0.326 
   11   320     8   1.5  1.00  275  1.00  0.937   0.226  0.065  0.324 
   11   320     9   2.5  1.00  276  1.00  0.897   0.183  0.069  0.340 
   11   320    10   3.5  1.00  208  1.10  0.929   0.073  0.087  0.338 
   11   320    11   4.5  0.40  201  1.70  0.957  -0.084  0.091  0.348 
   11   320    12   5.5  0.00  230  2.50  0.996  -0.201  0.086  0.341 
   12   350     1  -5.5  0.00  230  2.30  0.861  -0.014  0.084  0.344 
   12   350     2  -4.5  0.52  214  1.50  0.757   0.125  0.086  0.377 
   12   350     3  -3.5  1.00  240  1.00  0.681   0.261  0.076  0.391 
   12   350     4  -2.5  1.00  308  1.00  0.679   0.348  0.065  0.401 
   12   350     5  -1.5  1.00  294  1.00  0.726   0.367  0.069  0.403 
   12   350     6  -0.5  1.00  263  1.00  0.721   0.360  0.080  0.408 
   12   350     7   0.5  1.00  225  1.00  0.684   0.209  0.091  0.414 
   12   350     8   1.5  1.00  240  1.00  0.655   0.175  0.083  0.413 
   12   350     9   2.5  1.00  251  1.00  0.608   0.298  0.072  0.368 
   12   350    10   3.5  1.00  223  1.20  0.621   0.167  0.078  0.373 
   12   350    11   4.5  0.31  215  1.80  0.620   0.080  0.083  0.366 
   12   350    12   5.5  0.00  239  2.60  0.712   0.061  0.095  0.370 
