# Paranal Airglow Line And Continuum Emission (PALACE) model: data and code of
# v1.0 (Noll et al. 2024)
# 
# 2D reference climatologies of relative intensity, solar cycle effect, and
# residual variability for PALACE variability class OH5b
# (see pmd_climfeat.dat for the lines/multiplets/features involved in the
# calculation of the weighted averages of the climatological properties)
# 
# Column names:
# mbin: month bin
# cDOY: central day of year
# hbin: LT bin
# cLT: central LT (for longitude of Cerro Paranal)
# wbin: weight of bin (LT fraction with solar zenith angle > 100°)
# N: size of subsample
# r: radius for subsample selection relative to 1 month and 1 hour
# I: intensity relative to climatological mean
# SCE: solar cycle effect per 100 sfu relative to mean intensity of subsample
# dSCE: uncertainty of solar cycle effect
# dI: standard deviation of residuals relative to mean intensity of subsample
# 
# Note: consistent with class-related content in palace_var.fits
# 
 mbin  cDOY  hbin   cLT  wbin    N     r      I     SCE   dSCE     dI 
    1    16     1  -5.5  0.00  480  2.40  1.057   0.179  0.054  0.326 
    1    16     2  -4.5  0.36  417  1.60  0.979   0.199  0.058  0.352 
    1    16     3  -3.5  1.00  448  1.10  0.941   0.229  0.060  0.384 
    1    16     4  -2.5  1.00  545  1.00  0.940   0.277  0.058  0.413 
    1    16     5  -1.5  1.00  508  1.00  0.931   0.205  0.057  0.410 
    1    16     6  -0.5  1.00  484  1.00  0.960   0.185  0.056  0.388 
    1    16     7   0.5  1.00  517  1.00  0.961   0.156  0.055  0.404 
    1    16     8   1.5  1.00  545  1.00  0.924   0.135  0.058  0.435 
    1    16     9   2.5  1.00  557  1.00  0.868   0.117  0.057  0.432 
    1    16    10   3.5  1.00  416  1.00  0.831   0.083  0.069  0.448 
    1    16    11   4.5  0.61  405  1.50  0.830   0.053  0.071  0.428 
    1    16    12   5.5  0.00  456  2.30  0.834   0.013  0.068  0.406 
    2    46     1  -5.5  0.00  425  2.20  1.281   0.061  0.065  0.294 
    2    46     2  -4.5  0.57  456  1.50  1.181   0.075  0.062  0.311 
    2    46     3  -3.5  1.00  461  1.00  1.048   0.155  0.060  0.332 
    2    46     4  -2.5  1.00  536  1.00  0.965   0.190  0.050  0.348 
    2    46     5  -1.5  1.00  544  1.00  0.975   0.233  0.048  0.355 
    2    46     6  -0.5  1.00  579  1.00  0.978   0.208  0.044  0.335 
    2    46     7   0.5  1.00  632  1.00  0.973   0.179  0.046  0.354 
    2    46     8   1.5  1.00  628  1.00  0.949   0.065  0.051  0.381 
    2    46     9   2.5  1.00  610  1.00  0.919  -0.023  0.052  0.386 
    2    46    10   3.5  1.00  581  1.00  0.882  -0.038  0.056  0.387 
    2    46    11   4.5  1.00  480  1.30  0.860  -0.012  0.066  0.386 
    2    46    12   5.5  0.03  406  1.91  0.887   0.038  0.073  0.372 
    3    75     1  -5.5  0.01  417  1.83  1.432   0.119  0.055  0.275 
    3    75     2  -4.5  1.00  447  1.20  1.394   0.108  0.054  0.277 
    3    75     3  -3.5  1.00  610  1.00  1.289   0.029  0.047  0.291 
    3    75     4  -2.5  1.00  626  1.00  1.195   0.070  0.047  0.318 
    3    75     5  -1.5  1.00  671  1.00  1.101   0.134  0.046  0.332 
    3    75     6  -0.5  1.00  676  1.00  1.004   0.242  0.044  0.316 
    3    75     7   0.5  1.00  679  1.00  0.915   0.282  0.043  0.307 
    3    75     8   1.5  1.00  651  1.00  0.857   0.197  0.049  0.324 
    3    75     9   2.5  1.00  627  1.00  0.850   0.108  0.052  0.341 
    3    75    10   3.5  1.00  607  1.00  0.877   0.105  0.054  0.361 
    3    75    11   4.5  1.00  411  1.00  0.909   0.144  0.068  0.343 
    3    75    12   5.5  0.32  411  1.71  0.957   0.194  0.071  0.359 
    4   106     1  -5.5  0.52  425  1.70  1.473   0.066  0.058  0.295 
    4   106     2  -4.5  1.00  440  1.00  1.457   0.084  0.054  0.282 
    4   106     3  -3.5  1.00  638  1.00  1.347   0.077  0.045  0.288 
    4   106     4  -2.5  1.00  661  1.00  1.211   0.061  0.045  0.296 
    4   106     5  -1.5  1.00  681  1.00  1.080   0.022  0.046  0.312 
    4   106     6  -0.5  1.00  629  1.00  0.957   0.087  0.046  0.302 
    4   106     7   0.5  1.00  612  1.00  0.862   0.144  0.046  0.305 
    4   106     8   1.5  1.00  606  1.00  0.846   0.220  0.048  0.315 
    4   106     9   2.5  1.00  615  1.00  0.901   0.249  0.054  0.343 
    4   106    10   3.5  1.00  616  1.00  0.987   0.227  0.057  0.359 
    4   106    11   4.5  1.00  471  1.00  1.102   0.193  0.069  0.372 
    4   106    12   5.5  0.55  430  1.60  1.168   0.103  0.075  0.366 
    5   136     1  -5.5  0.86  444  1.60  1.360   0.084  0.066  0.322 
    5   136     2  -4.5  1.00  426  1.00  1.319   0.157  0.068  0.334 
    5   136     3  -3.5  1.00  484  1.00  1.164   0.248  0.060  0.322 
    5   136     4  -2.5  1.00  468  1.00  1.029   0.240  0.060  0.329 
    5   136     5  -1.5  1.00  470  1.00  0.914   0.146  0.057  0.319 
    5   136     6  -0.5  1.00  446  1.00  0.839   0.040  0.055  0.308 
    5   136     7   0.5  1.00  439  1.00  0.868   0.052  0.063  0.343 
    5   136     8   1.5  1.00  447  1.00  0.970   0.079  0.062  0.337 
    5   136     9   2.5  1.00  457  1.00  1.067   0.058  0.061  0.327 
    5   136    10   3.5  1.00  464  1.00  1.197   0.079  0.063  0.328 
    5   136    11   4.5  1.00  422  1.00  1.300  -0.001  0.070  0.350 
    5   136    12   5.5  0.75  432  1.50  1.293   0.049  0.071  0.356 
    6   167     1  -5.5  0.96  432  1.60  1.248  -0.075  0.079  0.366 
    6   167     2  -4.5  1.00  418  1.00  1.129   0.006  0.079  0.366 
    6   167     3  -3.5  1.00  455  1.00  0.988   0.153  0.067  0.346 
    6   167     4  -2.5  1.00  435  1.00  0.933   0.175  0.075  0.370 
    6   167     5  -1.5  1.00  413  1.00  0.877   0.248  0.080  0.382 
    6   167     6  -0.5  1.00  411  1.00  0.837   0.299  0.073  0.366 
    6   167     7   0.5  1.00  430  1.00  0.839   0.256  0.072  0.384 
    6   167     8   1.5  1.00  417  1.00  0.898   0.243  0.084  0.420 
    6   167     9   2.5  1.00  434  1.06  0.959   0.234  0.083  0.402 
    6   167    10   3.5  1.00  426  1.00  1.069   0.166  0.081  0.379 
    6   167    11   4.5  1.00  460  1.00  1.185   0.192  0.080  0.382 
    6   167    12   5.5  0.95  428  1.40  1.217   0.176  0.086  0.389 
    7   197     1  -5.5  0.83  431  1.60  1.235  -0.065  0.084  0.365 
    7   197     2  -4.5  1.00  428  1.10  1.142  -0.001  0.083  0.376 
    7   197     3  -3.5  1.00  412  1.00  1.011   0.108  0.078  0.364 
    7   197     4  -2.5  1.00  407  1.00  0.917   0.139  0.085  0.385 
    7   197     5  -1.5  1.00  440  1.10  0.827   0.214  0.090  0.406 
    7   197     6  -0.5  1.00  455  1.10  0.763   0.453  0.084  0.420 
    7   197     7   0.5  1.00  481  1.10  0.736   0.456  0.081  0.430 
    7   197     8   1.5  1.00  408  1.00  0.760   0.551  0.094  0.447 
    7   197     9   2.5  1.00  435  1.00  0.808   0.528  0.094  0.432 
    7   197    10   3.5  1.00  492  1.00  0.926   0.562  0.090  0.418 
    7   197    11   4.5  1.00  529  1.00  1.035   0.526  0.084  0.401 
    7   197    12   5.5  1.00  420  1.30  1.063   0.544  0.096  0.406 
    8   228     1  -5.5  0.63  423  1.60  1.335   0.021  0.086  0.327 
    8   228     2  -4.5  1.00  453  1.10  1.270   0.069  0.085  0.311 
    8   228     3  -3.5  1.00  413  1.00  1.098   0.098  0.095  0.334 
    8   228     4  -2.5  1.00  408  1.00  0.950   0.126  0.101  0.354 
    8   228     5  -1.5  1.00  431  1.00  0.811   0.251  0.090  0.350 
    8   228     6  -0.5  1.00  487  1.00  0.734   0.310  0.089  0.382 
    8   228     7   0.5  1.00  572  1.00  0.719   0.372  0.080  0.382 
    8   228     8   1.5  1.00  622  1.00  0.734   0.459  0.072  0.369 
    8   228     9   2.5  1.00  667  1.00  0.792   0.439  0.069  0.361 
    8   228    10   3.5  1.00  693  1.00  0.864   0.435  0.068  0.359 
    8   228    11   4.5  1.00  618  1.00  0.908   0.351  0.072  0.365 
    8   228    12   5.5  0.79  481  1.40  0.941   0.344  0.086  0.382 
    9   259     1  -5.5  0.46  436  1.70  1.444   0.260  0.064  0.273 
    9   259     2  -4.5  1.00  440  1.10  1.420   0.296  0.061  0.255 
    9   259     3  -3.5  1.00  467  1.00  1.236   0.266  0.063  0.271 
    9   259     4  -2.5  1.00  481  1.00  1.058   0.233  0.062  0.287 
    9   259     5  -1.5  1.00  522  1.00  0.891   0.296  0.057  0.291 
    9   259     6  -0.5  1.00  589  1.00  0.769   0.271  0.053  0.296 
    9   259     7   0.5  1.00  671  1.00  0.717   0.155  0.055  0.328 
    9   259     8   1.5  1.00  707  1.00  0.727   0.163  0.053  0.323 
    9   259     9   2.5  1.00  727  1.00  0.778   0.055  0.055  0.334 
    9   259    10   3.5  1.00  699  1.00  0.829   0.001  0.056  0.340 
    9   259    11   4.5  1.00  458  1.00  0.851  -0.064  0.072  0.349 
    9   259    12   5.5  0.33  414  1.60  0.882   0.045  0.077  0.344 
   10   289     1  -5.5  0.24  448  1.80  1.416   0.131  0.041  0.235 
   10   289     2  -4.5  1.00  442  1.10  1.416   0.159  0.039  0.236 
   10   289     3  -3.5  1.00  614  1.00  1.296   0.154  0.032  0.236 
   10   289     4  -2.5  1.00  638  1.00  1.148   0.087  0.035  0.262 
   10   289     5  -1.5  1.00  693  1.00  1.005   0.083  0.036  0.287 
   10   289     6  -0.5  1.00  714  1.00  0.913   0.049  0.039  0.309 
   10   289     7   0.5  1.00  709  1.00  0.873   0.128  0.041  0.318 
   10   289     8   1.5  1.00  671  1.00  0.882   0.190  0.041  0.308 
   10   289     9   2.5  1.00  636  1.00  0.911   0.222  0.043  0.313 
   10   289    10   3.5  1.00  541  1.00  0.938   0.198  0.050  0.331 
   10   289    11   4.5  0.81  426  1.30  0.922   0.123  0.061  0.338 
   10   289    12   5.5  0.00  455  2.00  0.911   0.084  0.063  0.338 
   11   320     1  -5.5  0.00  452  2.00  1.308   0.097  0.039  0.236 
   11   320     2  -4.5  0.91  408  1.20  1.288   0.122  0.040  0.239 
   11   320     3  -3.5  1.00  621  1.00  1.197   0.125  0.032  0.243 
   11   320     4  -2.5  1.00  687  1.00  1.113   0.154  0.031  0.271 
   11   320     5  -1.5  1.00  729  1.00  1.077   0.120  0.032  0.295 
   11   320     6  -0.5  1.00  696  1.00  1.061   0.115  0.037  0.324 
   11   320     7   0.5  1.00  639  1.00  1.041   0.205  0.039  0.329 
   11   320     8   1.5  1.00  618  1.00  0.998   0.208  0.039  0.319 
   11   320     9   2.5  1.00  575  1.00  0.966   0.151  0.041  0.320 
   11   320    10   3.5  1.00  455  1.10  0.975   0.149  0.046  0.318 
   11   320    11   4.5  0.40  451  1.70  0.933   0.185  0.051  0.334 
   11   320    12   5.5  0.00  467  2.40  0.930   0.114  0.053  0.337 
   12   350     1  -5.5  0.00  464  2.30  1.171   0.094  0.043  0.266 
   12   350     2  -4.5  0.52  431  1.50  1.081   0.140  0.047  0.289 
   12   350     3  -3.5  1.00  466  1.00  1.010   0.228  0.043  0.304 
   12   350     4  -2.5  1.00  610  1.00  0.973   0.314  0.040  0.327 
   12   350     5  -1.5  1.00  572  1.00  0.991   0.352  0.045  0.349 
   12   350     6  -0.5  1.00  523  1.00  1.020   0.337  0.048  0.368 
   12   350     7   0.5  1.00  480  1.00  0.998   0.349  0.053  0.389 
   12   350     8   1.5  1.00  480  1.00  0.904   0.342  0.053  0.380 
   12   350     9   2.5  1.00  500  1.00  0.828   0.201  0.052  0.373 
   12   350    10   3.5  1.00  449  1.20  0.815   0.198  0.055  0.381 
   12   350    11   4.5  0.31  480  1.80  0.843   0.091  0.061  0.418 
   12   350    12   5.5  0.00  464  2.50  0.870   0.106  0.062  0.408 
