# Paranal Airglow Line And Continuum Emission (PALACE) model: data and code of
# v1.0 (Noll et al. 2024)
# 
# 2D reference climatologies of relative intensity, solar cycle effect, and
# residual variability for PALACE variability class HO2
# (see pmd_climfeat.dat for the lines/multiplets/features involved in the
# calculation of the weighted averages of the climatological properties)
# 
# Column names:
# mbin: month bin
# cDOY: central day of year
# hbin: LT bin
# cLT: central LT (for longitude of Cerro Paranal)
# wbin: weight of bin (LT fraction with solar zenith angle > 100°)
# N: size of subsample
# r: radius for subsample selection relative to 1 month and 1 hour
# I: intensity relative to climatological mean
# SCE: solar cycle effect per 100 sfu relative to mean intensity of subsample
# dSCE: uncertainty of solar cycle effect
# dI: standard deviation of residuals relative to mean intensity of subsample
# 
# Note: consistent with class-related content in palace_var.fits
# 
 mbin  cDOY  hbin   cLT  wbin    N     r      I     SCE   dSCE     dI 
    1    16     1  -5.5  0.00  432  2.40  1.757  -0.030  0.054  0.302 
    1    16     2  -4.5  0.36  455  1.70  1.792   0.032  0.052  0.311 
    1    16     3  -3.5  1.00  405  1.10  1.844   0.014  0.054  0.315 
    1    16     4  -2.5  1.00  495  1.00  1.696   0.039  0.050  0.320 
    1    16     5  -1.5  1.00  460  1.00  1.551   0.052  0.049  0.320 
    1    16     6  -0.5  1.00  435  1.00  1.462  -0.027  0.056  0.353 
    1    16     7   0.5  1.00  456  1.00  1.373  -0.004  0.058  0.386 
    1    16     8   1.5  1.00  490  1.00  1.228   0.088  0.056  0.395 
    1    16     9   2.5  1.00  492  1.00  1.043   0.069  0.061  0.420 
    1    16    10   3.5  1.00  427  1.10  0.905   0.047  0.069  0.428 
    1    16    11   4.5  0.61  400  1.60  0.833   0.087  0.072  0.403 
    1    16    12   5.5  0.00  490  2.40  0.779   0.152  0.068  0.396 
    2    46     1  -5.5  0.00  484  2.30  1.368   0.082  0.065  0.301 
    2    46     2  -4.5  0.57  408  1.50  1.451   0.074  0.065  0.306 
    2    46     3  -3.5  1.00  401  1.00  1.456   0.006  0.063  0.317 
    2    46     4  -2.5  1.00  453  1.00  1.288  -0.042  0.056  0.328 
    2    46     5  -1.5  1.00  467  1.00  1.180   0.069  0.054  0.329 
    2    46     6  -0.5  1.00  504  1.00  1.120   0.044  0.053  0.326 
    2    46     7   0.5  1.00  557  1.00  1.085   0.035  0.055  0.354 
    2    46     8   1.5  1.00  565  1.00  1.029   0.054  0.058  0.390 
    2    46     9   2.5  1.00  557  1.00  0.929   0.039  0.059  0.404 
    2    46    10   3.5  1.00  515  1.00  0.822   0.064  0.065  0.402 
    2    46    11   4.5  1.00  435  1.30  0.715   0.117  0.075  0.388 
    2    46    12   5.5  0.03  419  2.00  0.670   0.119  0.081  0.394 
    3    75     1  -5.5  0.01  426  1.90  1.233  -0.028  0.060  0.284 
    3    75     2  -4.5  1.00  408  1.20  1.235  -0.016  0.065  0.293 
    3    75     3  -3.5  1.00  549  1.00  1.186  -0.026  0.053  0.297 
    3    75     4  -2.5  1.00  560  1.00  1.049  -0.144  0.046  0.295 
    3    75     5  -1.5  1.00  610  1.00  0.974  -0.100  0.044  0.291 
    3    75     6  -0.5  1.00  609  1.00  0.890  -0.066  0.044  0.287 
    3    75     7   0.5  1.00  618  1.00  0.825  -0.054  0.052  0.326 
    3    75     8   1.5  1.00  588  1.00  0.774  -0.006  0.060  0.368 
    3    75     9   2.5  1.00  566  1.00  0.724  -0.073  0.063  0.378 
    3    75    10   3.5  1.00  551  1.00  0.652  -0.065  0.061  0.381 
    3    75    11   4.5  1.00  417  1.10  0.596   0.023  0.075  0.377 
    3    75    12   5.5  0.32  445  1.80  0.569   0.031  0.068  0.352 
    4   106     1  -5.5  0.52  462  1.80  1.233   0.042  0.060  0.268 
    4   106     2  -4.5  1.00  439  1.10  1.120   0.079  0.053  0.247 
    4   106     3  -3.5  1.00  563  1.00  1.003   0.016  0.043  0.251 
    4   106     4  -2.5  1.00  589  1.00  0.924  -0.036  0.040  0.252 
    4   106     5  -1.5  1.00  605  1.00  0.840  -0.146  0.044  0.280 
    4   106     6  -0.5  1.00  558  1.00  0.742  -0.153  0.051  0.309 
    4   106     7   0.5  1.00  542  1.00  0.656  -0.127  0.055  0.328 
    4   106     8   1.5  1.00  532  1.00  0.591  -0.075  0.058  0.351 
    4   106     9   2.5  1.00  536  1.00  0.555  -0.233  0.063  0.384 
    4   106    10   3.5  1.00  529  1.00  0.532  -0.197  0.062  0.392 
    4   106    11   4.5  1.00  449  1.10  0.530  -0.118  0.067  0.375 
    4   106    12   5.5  0.55  416  1.70  0.545  -0.139  0.069  0.351 
    5   136     1  -5.5  0.86  429  1.70  1.417   0.056  0.067  0.291 
    5   136     2  -4.5  1.00  438  1.10  1.326   0.001  0.062  0.285 
    5   136     3  -3.5  1.00  415  1.00  1.148  -0.009  0.062  0.304 
    5   136     4  -2.5  1.00  421  1.00  1.002   0.033  0.062  0.308 
    5   136     5  -1.5  1.00  425  1.00  0.815  -0.063  0.066  0.335 
    5   136     6  -0.5  1.00  489  1.10  0.665  -0.097  0.060  0.346 
    5   136     7   0.5  1.00  476  1.10  0.598  -0.091  0.069  0.387 
    5   136     8   1.5  1.00  470  1.10  0.558  -0.069  0.069  0.371 
    5   136     9   2.5  1.00  480  1.10  0.539  -0.137  0.064  0.346 
    5   136    10   3.5  1.00  400  1.00  0.570  -0.180  0.071  0.348 
    5   136    11   4.5  1.00  419  1.10  0.618  -0.210  0.074  0.360 
    5   136    12   5.5  0.75  423  1.60  0.635  -0.294  0.081  0.385 
    6   167     1  -5.5  0.96  405  1.70  1.671   0.058  0.070  0.304 
    6   167     2  -4.5  1.00  438  1.20  1.582   0.093  0.068  0.309 
    6   167     3  -3.5  1.00  439  1.10  1.331   0.095  0.068  0.323 
    6   167     4  -2.5  1.00  439  1.10  1.150   0.192  0.075  0.351 
    6   167     5  -1.5  1.00  425  1.10  0.956   0.168  0.085  0.390 
    6   167     6  -0.5  1.00  412  1.10  0.802   0.245  0.085  0.408 
    6   167     7   0.5  1.00  423  1.10  0.709   0.154  0.081  0.409 
    6   167     8   1.5  1.00  414  1.10  0.677  -0.005  0.085  0.414 
    6   167     9   2.5  1.00  409  1.10  0.669  -0.029  0.089  0.413 
    6   167    10   3.5  1.00  446  1.10  0.697  -0.121  0.081  0.393 
    6   167    11   4.5  1.00  418  1.00  0.731  -0.090  0.084  0.399 
    6   167    12   5.5  0.95  442  1.50  0.735  -0.023  0.083  0.394 
    7   197     1  -5.5  0.83  448  1.70  1.824  -0.008  0.070  0.298 
    7   197     2  -4.5  1.00  418  1.20  1.773   0.057  0.070  0.300 
    7   197     3  -3.5  1.00  470  1.20  1.517   0.154  0.065  0.298 
    7   197     4  -2.5  1.00  465  1.20  1.288   0.118  0.074  0.332 
    7   197     5  -1.5  1.00  437  1.20  1.113   0.096  0.084  0.371 
    7   197     6  -0.5  1.00  455  1.20  0.905   0.266  0.085  0.404 
    7   197     7   0.5  1.00  405  1.10  0.759   0.210  0.089  0.423 
    7   197     8   1.5  1.00  420  1.10  0.717   0.230  0.090  0.430 
    7   197     9   2.5  1.00  469  1.10  0.687   0.152  0.089  0.419 
    7   197    10   3.5  1.00  439  1.00  0.702   0.116  0.097  0.422 
    7   197    11   4.5  1.00  479  1.00  0.740   0.172  0.088  0.406 
    7   197    12   5.5  1.00  451  1.40  0.748   0.183  0.088  0.390 
    8   228     1  -5.5  0.63  427  1.70  1.863   0.090  0.072  0.280 
    8   228     2  -4.5  1.00  405  1.10  1.804   0.111  0.082  0.278 
    8   228     3  -3.5  1.00  423  1.10  1.540   0.097  0.083  0.293 
    8   228     4  -2.5  1.00  407  1.10  1.296   0.058  0.089  0.311 
    8   228     5  -1.5  1.00  431  1.10  1.087   0.024  0.089  0.342 
    8   228     6  -0.5  1.00  418  1.00  0.890   0.110  0.103  0.402 
    8   228     7   0.5  1.00  511  1.00  0.767   0.086  0.094  0.425 
    8   228     8   1.5  1.00  571  1.00  0.709   0.068  0.089  0.438 
    8   228     9   2.5  1.00  621  1.00  0.675   0.064  0.082  0.414 
    8   228    10   3.5  1.00  635  1.00  0.676   0.214  0.076  0.383 
    8   228    11   4.5  1.00  568  1.00  0.684   0.200  0.079  0.379 
    8   228    12   5.5  0.79  444  1.40  0.699   0.240  0.083  0.357 
    9   259     1  -5.5  0.46  464  1.80  1.632  -0.051  0.069  0.280 
    9   259     2  -4.5  1.00  402  1.10  1.591  -0.038  0.078  0.278 
    9   259     3  -3.5  1.00  420  1.00  1.325   0.026  0.072  0.293 
    9   259     4  -2.5  1.00  433  1.00  1.120   0.167  0.068  0.296 
    9   259     5  -1.5  1.00  474  1.00  0.964   0.279  0.065  0.309 
    9   259     6  -0.5  1.00  542  1.00  0.828   0.264  0.070  0.352 
    9   259     7   0.5  1.00  623  1.00  0.711   0.134  0.070  0.395 
    9   259     8   1.5  1.00  676  1.00  0.635  -0.030  0.070  0.409 
    9   259     9   2.5  1.00  703  1.00  0.591  -0.002  0.067  0.391 
    9   259    10   3.5  1.00  664  1.00  0.576  -0.022  0.065  0.366 
    9   259    11   4.5  1.00  435  1.00  0.576  -0.076  0.083  0.381 
    9   259    12   5.5  0.33  460  1.70  0.618   0.029  0.083  0.371 
   10   289     1  -5.5  0.24  404  1.80  1.488  -0.032  0.055  0.261 
   10   289     2  -4.5  1.00  443  1.20  1.379   0.041  0.045  0.255 
   10   289     3  -3.5  1.00  565  1.00  1.224   0.057  0.039  0.258 
   10   289     4  -2.5  1.00  582  1.00  1.032   0.113  0.037  0.256 
   10   289     5  -1.5  1.00  636  1.00  0.883   0.131  0.040  0.297 
   10   289     6  -0.5  1.00  647  1.00  0.772   0.134  0.042  0.319 
   10   289     7   0.5  1.00  650  1.00  0.670   0.097  0.042  0.332 
   10   289     8   1.5  1.00  628  1.00  0.608  -0.036  0.044  0.341 
   10   289     9   2.5  1.00  588  1.00  0.569  -0.037  0.048  0.344 
   10   289    10   3.5  1.00  503  1.00  0.542   0.037  0.054  0.340 
   10   289    11   4.5  0.81  465  1.40  0.540  -0.061  0.063  0.356 
   10   289    12   5.5  0.00  426  2.00  0.569  -0.082  0.073  0.371 
   11   320     1  -5.5  0.00  412  2.00  1.471  -0.013  0.044  0.248 
   11   320     2  -4.5  0.91  448  1.30  1.459   0.032  0.041  0.255 
   11   320     3  -3.5  1.00  580  1.00  1.416   0.094  0.037  0.263 
   11   320     4  -2.5  1.00  640  1.00  1.241   0.143  0.038  0.282 
   11   320     5  -1.5  1.00  667  1.00  1.108   0.138  0.038  0.298 
   11   320     6  -0.5  1.00  617  1.00  1.017   0.141  0.044  0.319 
   11   320     7   0.5  1.00  576  1.00  0.960   0.178  0.050  0.333 
   11   320     8   1.5  1.00  560  1.00  0.864   0.173  0.053  0.365 
   11   320     9   2.5  1.00  528  1.00  0.787   0.164  0.053  0.372 
   11   320    10   3.5  1.00  421  1.10  0.716   0.141  0.060  0.373 
   11   320    11   4.5  0.40  409  1.70  0.653   0.101  0.065  0.370 
   11   320    12   5.5  0.00  431  2.40  0.619   0.070  0.068  0.376 
   12   350     1  -5.5  0.00  425  2.30  1.679  -0.015  0.047  0.281 
   12   350     2  -4.5  0.52  404  1.50  1.752  -0.016  0.048  0.285 
   12   350     3  -3.5  1.00  439  1.00  1.758  -0.007  0.049  0.312 
   12   350     4  -2.5  1.00  576  1.00  1.618   0.060  0.042  0.322 
   12   350     5  -1.5  1.00  530  1.00  1.484   0.157  0.044  0.322 
   12   350     6  -0.5  1.00  479  1.00  1.427   0.178  0.049  0.349 
   12   350     7   0.5  1.00  440  1.00  1.351   0.163  0.053  0.372 
   12   350     8   1.5  1.00  444  1.00  1.216   0.218  0.053  0.369 
   12   350     9   2.5  1.00  459  1.00  1.040   0.060  0.054  0.375 
   12   350    10   3.5  1.00  485  1.30  0.903   0.062  0.054  0.385 
   12   350    11   4.5  0.31  416  1.80  0.843   0.012  0.062  0.406 
   12   350    12   5.5  0.00  401  2.50  0.791   0.042  0.067  0.402 
