# Paranal Airglow Line And Continuum Emission (PALACE) model: data and code of
# v1.0 (Noll et al. 2024)
# 
# 2D reference climatologies of relative intensity, solar cycle effect, and
# residual variability for PALACE variability class OH6d
# (see pmd_climfeat.dat for the lines/multiplets/features involved in the
# calculation of the weighted averages of the climatological properties)
# 
# Column names:
# mbin: month bin
# cDOY: central day of year
# hbin: LT bin
# cLT: central LT (for longitude of Cerro Paranal)
# wbin: weight of bin (LT fraction with solar zenith angle > 100°)
# N: size of subsample
# r: radius for subsample selection relative to 1 month and 1 hour
# I: intensity relative to climatological mean
# SCE: solar cycle effect per 100 sfu relative to mean intensity of subsample
# dSCE: uncertainty of solar cycle effect
# dI: standard deviation of residuals relative to mean intensity of subsample
# 
# Note: consistent with class-related content in palace_var.fits
# 
 mbin  cDOY  hbin   cLT  wbin    N     r      I     SCE   dSCE     dI 
    1    16     1  -5.5  0.00  477  2.42  1.021   0.188  0.041  0.255 
    1    16     2  -4.5  0.36  412  1.62  0.984   0.202  0.046  0.273 
    1    16     3  -3.5  1.00  442  1.12  0.974   0.217  0.047  0.293 
    1    16     4  -2.5  1.00  527  1.00  0.994   0.207  0.042  0.292 
    1    16     5  -1.5  1.00  496  1.00  1.037   0.146  0.040  0.282 
    1    16     6  -0.5  1.00  471  1.00  1.080   0.166  0.040  0.272 
    1    16     7   0.5  1.00  503  1.00  1.091   0.119  0.039  0.287 
    1    16     8   1.5  1.00  529  1.00  1.061   0.115  0.040  0.293 
    1    16     9   2.5  1.00  541  1.00  1.008   0.127  0.038  0.280 
    1    16    10   3.5  1.00  414  1.02  0.961   0.140  0.045  0.285 
    1    16    11   4.5  0.61  416  1.54  0.955   0.103  0.046  0.274 
    1    16    12   5.5  0.00  461  2.32  0.956   0.100  0.044  0.264 
    2    46     1  -5.5  0.00  421  2.22  1.104   0.085  0.048  0.230 
    2    46     2  -4.5  0.57  454  1.54  1.061   0.114  0.044  0.234 
    2    46     3  -3.5  1.00  450  1.02  1.016   0.151  0.044  0.253 
    2    46     4  -2.5  1.00  511  1.00  1.010   0.192  0.037  0.253 
    2    46     5  -1.5  1.00  522  1.00  1.051   0.197  0.035  0.246 
    2    46     6  -0.5  1.00  558  1.00  1.077   0.221  0.033  0.245 
    2    46     7   0.5  1.00  611  1.00  1.078   0.207  0.034  0.257 
    2    46     8   1.5  1.00  610  1.00  1.069   0.130  0.036  0.264 
    2    46     9   2.5  1.00  594  1.00  1.040   0.088  0.036  0.262 
    2    46    10   3.5  1.00  566  1.00  0.990   0.094  0.038  0.259 
    2    46    11   4.5  1.00  467  1.30  0.971   0.107  0.046  0.265 
    2    46    12   5.5  0.03  405  1.92  0.993   0.125  0.052  0.265 
    3    75     1  -5.5  0.01  435  1.88  1.165   0.118  0.041  0.209 
    3    75     2  -4.5  1.00  443  1.22  1.163   0.115  0.040  0.207 
    3    75     3  -3.5  1.00  580  1.00  1.116   0.099  0.032  0.199 
    3    75     4  -2.5  1.00  597  1.00  1.088   0.180  0.029  0.198 
    3    75     5  -1.5  1.00  646  1.00  1.063   0.242  0.028  0.202 
    3    75     6  -0.5  1.00  655  1.00  1.041   0.282  0.029  0.208 
    3    75     7   0.5  1.00  662  1.00  1.012   0.299  0.031  0.220 
    3    75     8   1.5  1.00  637  1.00  0.988   0.223  0.036  0.239 
    3    75     9   2.5  1.00  614  1.00  0.996   0.165  0.039  0.251 
    3    75    10   3.5  1.00  595  1.00  1.014   0.178  0.040  0.265 
    3    75    11   4.5  1.00  412  1.02  1.036   0.189  0.052  0.261 
    3    75    12   5.5  0.32  412  1.72  1.060   0.179  0.052  0.265 
    4   106     1  -5.5  0.52  426  1.72  1.160   0.128  0.044  0.219 
    4   106     2  -4.5  1.00  433  1.02  1.182   0.088  0.042  0.215 
    4   106     3  -3.5  1.00  618  1.00  1.143   0.082  0.032  0.198 
    4   106     4  -2.5  1.00  644  1.00  1.090   0.103  0.029  0.186 
    4   106     5  -1.5  1.00  668  1.00  1.042   0.112  0.029  0.191 
    4   106     6  -0.5  1.00  621  1.00  1.004   0.140  0.030  0.203 
    4   106     7   0.5  1.00  604  1.00  0.988   0.167  0.033  0.219 
    4   106     8   1.5  1.00  595  1.00  0.993   0.213  0.035  0.229 
    4   106     9   2.5  1.00  606  1.00  1.038   0.201  0.038  0.249 
    4   106    10   3.5  1.00  611  1.00  1.091   0.162  0.039  0.254 
    4   106    11   4.5  1.00  468  1.00  1.147   0.137  0.048  0.267 
    4   106    12   5.5  0.55  425  1.60  1.179   0.098  0.052  0.264 
    5   136     1  -5.5  0.86  442  1.62  1.085   0.178  0.047  0.232 
    5   136     2  -4.5  1.00  428  1.02  1.065   0.222  0.046  0.226 
    5   136     3  -3.5  1.00  475  1.00  1.023   0.225  0.041  0.222 
    5   136     4  -2.5  1.00  461  1.00  0.980   0.226  0.042  0.229 
    5   136     5  -1.5  1.00  465  1.00  0.944   0.183  0.041  0.231 
    5   136     6  -0.5  1.00  441  1.00  0.922   0.123  0.042  0.234 
    5   136     7   0.5  1.00  431  1.00  0.963   0.131  0.046  0.246 
    5   136     8   1.5  1.00  439  1.00  1.043   0.128  0.045  0.244 
    5   136     9   2.5  1.00  451  1.00  1.109   0.083  0.044  0.242 
    5   136    10   3.5  1.00  459  1.00  1.182   0.062  0.044  0.241 
    5   136    11   4.5  1.00  429  1.02  1.240   0.034  0.049  0.255 
    5   136    12   5.5  0.75  424  1.50  1.245   0.086  0.051  0.257 
    6   167     1  -5.5  0.96  431  1.62  1.005   0.020  0.055  0.259 
    6   167     2  -4.5  1.00  418  1.02  0.972   0.082  0.054  0.251 
    6   167     3  -3.5  1.00  452  1.00  0.923   0.170  0.048  0.247 
    6   167     4  -2.5  1.00  432  1.00  0.903   0.194  0.052  0.258 
    6   167     5  -1.5  1.00  410  1.00  0.880   0.251  0.055  0.260 
    6   167     6  -0.5  1.00  418  1.02  0.869   0.236  0.051  0.258 
    6   167     7   0.5  1.00  424  1.00  0.891   0.195  0.051  0.264 
    6   167     8   1.5  1.00  421  1.02  0.945   0.226  0.056  0.273 
    6   167     9   2.5  1.00  443  1.08  1.011   0.249  0.058  0.273 
    6   167    10   3.5  1.00  429  1.02  1.099   0.223  0.058  0.268 
    6   167    11   4.5  1.00  449  1.00  1.174   0.202  0.054  0.255 
    6   167    12   5.5  0.95  428  1.42  1.185   0.163  0.058  0.261 
    7   197     1  -5.5  0.83  436  1.62  0.969   0.041  0.062  0.275 
    7   197     2  -4.5  1.00  432  1.12  0.935   0.044  0.064  0.294 
    7   197     3  -3.5  1.00  418  1.02  0.880   0.155  0.063  0.297 
    7   197     4  -2.5  1.00  423  1.03  0.834   0.196  0.064  0.294 
    7   197     5  -1.5  1.00  436  1.10  0.803   0.265  0.068  0.304 
    7   197     6  -0.5  1.00  450  1.10  0.785   0.351  0.062  0.304 
    7   197     7   0.5  1.00  477  1.10  0.779   0.344  0.057  0.289 
    7   197     8   1.5  1.00  416  1.02  0.802   0.366  0.066  0.305 
    7   197     9   2.5  1.00  425  1.00  0.855   0.389  0.069  0.302 
    7   197    10   3.5  1.00  478  1.00  0.950   0.429  0.066  0.294 
    7   197    11   4.5  1.00  515  1.00  1.025   0.351  0.060  0.279 
    7   197    12   5.5  1.00  422  1.32  1.039   0.312  0.068  0.277 
    8   228     1  -5.5  0.63  420  1.62  0.982   0.037  0.071  0.279 
    8   228     2  -4.5  1.00  451  1.12  0.958   0.137  0.071  0.269 
    8   228     3  -3.5  1.00  412  1.02  0.897   0.214  0.078  0.279 
    8   228     4  -2.5  1.00  422  1.03  0.835   0.259  0.077  0.274 
    8   228     5  -1.5  1.00  424  1.00  0.776   0.337  0.068  0.264 
    8   228     6  -0.5  1.00  479  1.00  0.754   0.366  0.064  0.271 
    8   228     7   0.5  1.00  558  1.00  0.756   0.373  0.058  0.272 
    8   228     8   1.5  1.00  605  1.00  0.781   0.394  0.053  0.267 
    8   228     9   2.5  1.00  649  1.00  0.836   0.363  0.049  0.249 
    8   228    10   3.5  1.00  673  1.00  0.887   0.397  0.049  0.255 
    8   228    11   4.5  1.00  601  1.00  0.915   0.291  0.053  0.265 
    8   228    12   5.5  0.79  470  1.40  0.938   0.225  0.061  0.271 
    9   259     1  -5.5  0.46  431  1.72  1.049   0.149  0.058  0.242 
    9   259     2  -4.5  1.00  435  1.12  1.041   0.164  0.057  0.234 
    9   259     3  -3.5  1.00  463  1.02  0.991   0.185  0.052  0.226 
    9   259     4  -2.5  1.00  469  1.00  0.929   0.184  0.051  0.230 
    9   259     5  -1.5  1.00  509  1.00  0.862   0.212  0.046  0.227 
    9   259     6  -0.5  1.00  572  1.00  0.805   0.243  0.043  0.230 
    9   259     7   0.5  1.00  645  1.00  0.795   0.175  0.041  0.243 
    9   259     8   1.5  1.00  676  1.00  0.832   0.186  0.041  0.244 
    9   259     9   2.5  1.00  696  1.00  0.884   0.089  0.040  0.245 
    9   259    10   3.5  1.00  669  1.00  0.922   0.070  0.042  0.250 
    9   259    11   4.5  1.00  452  1.02  0.923   0.059  0.053  0.254 
    9   259    12   5.5  0.33  413  1.62  0.926   0.095  0.055  0.249 
   10   289     1  -5.5  0.24  444  1.82  1.094   0.121  0.038  0.215 
   10   289     2  -4.5  1.00  433  1.12  1.120   0.121  0.034  0.207 
   10   289     3  -3.5  1.00  594  1.00  1.099   0.141  0.027  0.199 
   10   289     4  -2.5  1.00  620  1.00  1.049   0.109  0.028  0.209 
   10   289     5  -1.5  1.00  673  1.00  0.986   0.118  0.028  0.216 
   10   289     6  -0.5  1.00  691  1.00  0.948   0.127  0.029  0.223 
   10   289     7   0.5  1.00  684  1.00  0.953   0.196  0.029  0.224 
   10   289     8   1.5  1.00  649  1.00  0.984   0.213  0.030  0.223 
   10   289     9   2.5  1.00  614  1.00  1.012   0.171  0.033  0.236 
   10   289    10   3.5  1.00  523  1.00  1.028   0.124  0.038  0.248 
   10   289    11   4.5  0.81  423  1.32  1.011   0.107  0.044  0.248 
   10   289    12   5.5  0.00  451  2.02  0.979   0.128  0.047  0.248 
   11   320     1  -5.5  0.00  447  2.02  1.116   0.119  0.030  0.194 
   11   320     2  -4.5  0.91  408  1.22  1.121   0.148  0.029  0.191 
   11   320     3  -3.5  1.00  606  1.00  1.110   0.171  0.023  0.190 
   11   320     4  -2.5  1.00  671  1.00  1.093   0.198  0.024  0.209 
   11   320     5  -1.5  1.00  713  1.00  1.094   0.170  0.025  0.218 
   11   320     6  -0.5  1.00  677  1.00  1.097   0.178  0.026  0.225 
   11   320     7   0.5  1.00  623  1.00  1.099   0.238  0.028  0.233 
   11   320     8   1.5  1.00  606  1.00  1.093   0.200  0.029  0.233 
   11   320     9   2.5  1.00  566  1.00  1.071   0.143  0.029  0.233 
   11   320    10   3.5  1.00  449  1.10  1.067   0.125  0.033  0.233 
   11   320    11   4.5  0.40  441  1.70  1.033   0.149  0.037  0.242 
   11   320    12   5.5  0.00  455  2.40  1.021   0.132  0.038  0.241 
   12   350     1  -5.5  0.00  469  2.32  1.076   0.163  0.032  0.217 
   12   350     2  -4.5  0.52  426  1.52  1.059   0.198  0.035  0.224 
   12   350     3  -3.5  1.00  464  1.02  1.043   0.255  0.033  0.229 
   12   350     4  -2.5  1.00  595  1.00  1.047   0.310  0.029  0.235 
   12   350     5  -1.5  1.00  561  1.00  1.090   0.314  0.031  0.241 
   12   350     6  -0.5  1.00  512  1.00  1.118   0.269  0.033  0.247 
   12   350     7   0.5  1.00  471  1.00  1.113   0.240  0.037  0.270 
   12   350     8   1.5  1.00  470  1.00  1.053   0.196  0.038  0.270 
   12   350     9   2.5  1.00  489  1.00  0.985   0.134  0.036  0.254 
   12   350    10   3.5  1.00  455  1.22  0.972   0.160  0.036  0.248 
   12   350    11   4.5  0.31  469  1.80  0.971   0.108  0.039  0.266 
   12   350    12   5.5  0.00  450  2.50  0.986   0.124  0.040  0.265 
