# Paranal Airglow Line And Continuum Emission (PALACE) model: data and code of
# v1.0 (Noll et al. 2024)
# 
# 2D reference climatologies of relative intensity, solar cycle effect, and
# residual variability for PALACE variability class O2a
# (see pmd_climfeat.dat for the lines/multiplets/features involved in the
# calculation of the weighted averages of the climatological properties)
# 
# Column names:
# mbin: month bin
# cDOY: central day of year
# hbin: LT bin
# cLT: central LT (for longitude of Cerro Paranal)
# wbin: weight of bin (LT fraction with solar zenith angle > 100°)
# N: size of subsample
# r: radius for subsample selection relative to 1 month and 1 hour
# I: intensity relative to climatological mean
# SCE: solar cycle effect per 100 sfu relative to mean intensity of subsample
# dSCE: uncertainty of solar cycle effect
# dI: standard deviation of residuals relative to mean intensity of subsample
# 
# Note: consistent with class-related content in palace_var.fits
# 
 mbin  cDOY  hbin   cLT  wbin    N     r      I     SCE   dSCE     dI 
    1    16     1  -5.5  0.00  419  2.40  2.699   0.058  0.059  0.294 
    1    16     2  -4.5  0.36  441  1.70  2.424   0.119  0.060  0.316 
    1    16     3  -3.5  1.00  456  1.20  1.947   0.258  0.059  0.306 
    1    16     4  -2.5  1.00  487  1.00  1.356   0.145  0.059  0.300 
    1    16     5  -1.5  1.00  461  1.00  0.949   0.210  0.055  0.355 
    1    16     6  -0.5  1.00  435  1.00  0.822   0.241  0.059  0.369 
    1    16     7   0.5  1.00  454  1.00  0.785   0.204  0.064  0.436 
    1    16     8   1.5  1.00  484  1.00  0.710   0.207  0.066  0.458 
    1    16     9   2.5  1.00  487  1.00  0.607   0.218  0.059  0.408 
    1    16    10   3.5  1.00  430  1.10  0.539   0.238  0.065  0.412 
    1    16    11   4.5  0.61  403  1.60  0.515   0.250  0.068  0.399 
    1    16    12   5.5  0.00  493  2.40  0.517   0.308  0.061  0.389 
    2    46     1  -5.5  0.00  487  2.30  2.677   0.200  0.070  0.314 
    2    46     2  -4.5  0.57  409  1.50  2.480   0.117  0.078  0.327 
    2    46     3  -3.5  1.00  403  1.00  2.001   0.196  0.083  0.332 
    2    46     4  -2.5  1.00  450  1.00  1.148   0.216  0.055  0.282 
    2    46     5  -1.5  1.00  464  1.00  0.830   0.338  0.050  0.335 
    2    46     6  -0.5  1.00  502  1.00  0.742   0.472  0.053  0.356 
    2    46     7   0.5  1.00  553  1.00  0.707   0.406  0.060  0.408 
    2    46     8   1.5  1.00  561  1.00  0.682   0.288  0.061  0.416 
    2    46     9   2.5  1.00  553  1.00  0.616   0.261  0.055  0.381 
    2    46    10   3.5  1.00  518  1.00  0.551   0.284  0.059  0.382 
    2    46    11   4.5  1.00  440  1.30  0.531   0.334  0.072  0.406 
    2    46    12   5.5  0.03  423  2.00  0.555   0.318  0.079  0.400 
    3    75     1  -5.5  0.01  430  1.90  2.878   0.184  0.069  0.310 
    3    75     2  -4.5  1.00  412  1.20  2.682   0.166  0.075  0.300 
    3    75     3  -3.5  1.00  548  1.00  1.844   0.163  0.073  0.279 
    3    75     4  -2.5  1.00  556  1.00  1.035   0.324  0.046  0.262 
    3    75     5  -1.5  1.00  613  1.00  0.777   0.508  0.039  0.272 
    3    75     6  -0.5  1.00  607  1.00  0.679   0.606  0.047  0.319 
    3    75     7   0.5  1.00  609  1.00  0.621   0.554  0.053  0.348 
    3    75     8   1.5  1.00  583  1.00  0.578   0.428  0.060  0.376 
    3    75     9   2.5  1.00  565  1.00  0.577   0.397  0.061  0.377 
    3    75    10   3.5  1.00  549  1.00  0.584   0.431  0.065  0.404 
    3    75    11   4.5  1.00  419  1.10  0.607   0.432  0.080  0.392 
    3    75    12   5.5  0.32  448  1.80  0.630   0.369  0.079  0.390 
    4   106     1  -5.5  0.52  464  1.80  2.819   0.073  0.073  0.327 
    4   106     2  -4.5  1.00  443  1.10  2.522   0.144  0.079  0.323 
    4   106     3  -3.5  1.00  570  1.00  1.530   0.130  0.062  0.251 
    4   106     4  -2.5  1.00  593  1.00  0.946   0.288  0.043  0.268 
    4   106     5  -1.5  1.00  619  1.00  0.742   0.312  0.044  0.278 
    4   106     6  -0.5  1.00  570  1.00  0.651   0.352  0.050  0.318 
    4   106     7   0.5  1.00  548  1.00  0.618   0.392  0.055  0.343 
    4   106     8   1.5  1.00  543  1.00  0.612   0.434  0.058  0.357 
    4   106     9   2.5  1.00  546  1.00  0.654   0.418  0.060  0.369 
    4   106    10   3.5  1.00  534  1.00  0.717   0.352  0.060  0.367 
    4   106    11   4.5  1.00  402  1.00  0.755   0.269  0.073  0.373 
    4   106    12   5.5  0.55  424  1.70  0.773   0.249  0.078  0.382 
    5   136     1  -5.5  0.86  424  1.70  2.682   0.227  0.082  0.349 
    5   136     2  -4.5  1.00  437  1.10  2.326   0.189  0.091  0.357 
    5   136     3  -3.5  1.00  419  1.00  1.241   0.305  0.067  0.279 
    5   136     4  -2.5  1.00  423  1.00  0.824   0.410  0.054  0.267 
    5   136     5  -1.5  1.00  433  1.00  0.638   0.382  0.056  0.285 
    5   136     6  -0.5  1.00  407  1.00  0.551   0.326  0.059  0.308 
    5   136     7   0.5  1.00  488  1.10  0.572   0.398  0.063  0.352 
    5   136     8   1.5  1.00  412  1.02  0.633   0.402  0.073  0.374 
    5   136     9   2.5  1.00  402  1.00  0.714   0.287  0.071  0.366 
    5   136    10   3.5  1.00  404  1.00  0.800   0.190  0.070  0.357 
    5   136    11   4.5  1.00  423  1.10  0.842   0.154  0.070  0.359 
    5   136    12   5.5  0.75  421  1.60  0.839   0.187  0.070  0.359 
    6   167     1  -5.5  0.96  400  1.70  2.574   0.091  0.094  0.363 
    6   167     2  -4.5  1.00  429  1.20  2.033   0.193  0.098  0.346 
    6   167     3  -3.5  1.00  432  1.10  1.092   0.253  0.069  0.323 
    6   167     4  -2.5  1.00  434  1.10  0.726   0.362  0.060  0.291 
    6   167     5  -1.5  1.00  429  1.10  0.563   0.371  0.065  0.319 
    6   167     6  -0.5  1.00  423  1.10  0.484   0.342  0.062  0.313 
    6   167     7   0.5  1.00  437  1.10  0.474   0.338  0.065  0.331 
    6   167     8   1.5  1.00  422  1.10  0.525   0.381  0.075  0.350 
    6   167     9   2.5  1.00  412  1.10  0.616   0.430  0.083  0.371 
    6   167    10   3.5  1.00  448  1.10  0.715   0.368  0.081  0.381 
    6   167    11   4.5  1.00  413  1.00  0.779   0.352  0.079  0.365 
    6   167    12   5.5  0.95  435  1.50  0.778   0.259  0.083  0.382 
    7   197     1  -5.5  0.83  442  1.70  2.817  -0.003  0.117  0.419 
    7   197     2  -4.5  1.00  414  1.20  2.158   0.134  0.106  0.367 
    7   197     3  -3.5  1.00  469  1.20  1.217   0.212  0.089  0.333 
    7   197     4  -2.5  1.00  466  1.20  0.723   0.242  0.071  0.318 
    7   197     5  -1.5  1.00  440  1.20  0.545   0.280  0.075  0.333 
    7   197     6  -0.5  1.00  468  1.20  0.445   0.462  0.072  0.354 
    7   197     7   0.5  1.00  417  1.10  0.400   0.466  0.072  0.340 
    7   197     8   1.5  1.00  423  1.10  0.411   0.514  0.079  0.350 
    7   197     9   2.5  1.00  463  1.10  0.478   0.507  0.094  0.402 
    7   197    10   3.5  1.00  430  1.00  0.577   0.529  0.103  0.428 
    7   197    11   4.5  1.00  470  1.00  0.639   0.351  0.090  0.403 
    7   197    12   5.5  1.00  438  1.40  0.667   0.341  0.094  0.399 
    8   228     1  -5.5  0.63  427  1.70  3.212   0.082  0.119  0.418 
    8   228     2  -4.5  1.00  406  1.10  2.834   0.166  0.155  0.445 
    8   228     3  -3.5  1.00  430  1.10  1.397   0.236  0.116  0.319 
    8   228     4  -2.5  1.00  415  1.10  0.766   0.168  0.093  0.316 
    8   228     5  -1.5  1.00  437  1.10  0.536   0.226  0.079  0.305 
    8   228     6  -0.5  1.00  421  1.00  0.431   0.367  0.084  0.336 
    8   228     7   0.5  1.00  512  1.00  0.390   0.449  0.075  0.340 
    8   228     8   1.5  1.00  566  1.00  0.398   0.558  0.070  0.344 
    8   228     9   2.5  1.00  616  1.00  0.450   0.487  0.070  0.346 
    8   228    10   3.5  1.00  635  1.00  0.506   0.598  0.073  0.366 
    8   228    11   4.5  1.00  569  1.00  0.544   0.416  0.079  0.388 
    8   228    12   5.5  0.79  443  1.40  0.564   0.286  0.089  0.388 
    9   259     1  -5.5  0.46  465  1.80  3.321   0.221  0.101  0.401 
    9   259     2  -4.5  1.00  401  1.10  3.136   0.220  0.122  0.400 
    9   259     3  -3.5  1.00  424  1.00  1.509   0.173  0.099  0.313 
    9   259     4  -2.5  1.00  436  1.00  0.842   0.261  0.071  0.310 
    9   259     5  -1.5  1.00  476  1.00  0.583   0.334  0.060  0.293 
    9   259     6  -0.5  1.00  541  1.00  0.475   0.386  0.059  0.316 
    9   259     7   0.5  1.00  620  1.00  0.434   0.298  0.058  0.334 
    9   259     8   1.5  1.00  677  1.00  0.454   0.322  0.062  0.363 
    9   259     9   2.5  1.00  704  1.00  0.503   0.187  0.063  0.375 
    9   259    10   3.5  1.00  666  1.00  0.553   0.178  0.067  0.393 
    9   259    11   4.5  1.00  437  1.00  0.561   0.251  0.085  0.401 
    9   259    12   5.5  0.33  462  1.70  0.559   0.256  0.082  0.392 
   10   289     1  -5.5  0.24  405  1.80  3.340   0.017  0.077  0.369 
   10   289     2  -4.5  1.00  443  1.20  2.803   0.121  0.066  0.320 
   10   289     3  -3.5  1.00  562  1.00  1.824   0.213  0.056  0.259 
   10   289     4  -2.5  1.00  577  1.00  1.016   0.201  0.044  0.293 
   10   289     5  -1.5  1.00  629  1.00  0.723   0.265  0.040  0.275 
   10   289     6  -0.5  1.00  642  1.00  0.610   0.259  0.043  0.302 
   10   289     7   0.5  1.00  649  1.00  0.581   0.364  0.045  0.321 
   10   289     8   1.5  1.00  633  1.00  0.602   0.365  0.049  0.357 
   10   289     9   2.5  1.00  591  1.00  0.629   0.256  0.056  0.404 
   10   289    10   3.5  1.00  502  1.00  0.650   0.164  0.063  0.418 
   10   289    11   4.5  0.81  468  1.40  0.625   0.179  0.069  0.407 
   10   289    12   5.5  0.00  430  2.00  0.599   0.289  0.075  0.393 
   11   320     1  -5.5  0.00  406  2.00  3.002   0.004  0.056  0.284 
   11   320     2  -4.5  0.91  438  1.30  2.690   0.062  0.052  0.278 
   11   320     3  -3.5  1.00  564  1.00  2.021   0.185  0.048  0.261 
   11   320     4  -2.5  1.00  628  1.00  1.182   0.267  0.037  0.255 
   11   320     5  -1.5  1.00  661  1.00  0.887   0.257  0.032  0.259 
   11   320     6  -0.5  1.00  612  1.00  0.777   0.280  0.035  0.273 
   11   320     7   0.5  1.00  572  1.00  0.733   0.385  0.040  0.305 
   11   320     8   1.5  1.00  559  1.00  0.711   0.340  0.043  0.337 
   11   320     9   2.5  1.00  530  1.00  0.671   0.239  0.051  0.395 
   11   320    10   3.5  1.00  424  1.10  0.653   0.192  0.061  0.414 
   11   320    11   4.5  0.40  411  1.70  0.627   0.207  0.064  0.405 
   11   320    12   5.5  0.00  433  2.40  0.620   0.197  0.065  0.408 
   12   350     1  -5.5  0.00  409  2.30  2.830   0.024  0.052  0.284 
   12   350     2  -4.5  0.52  439  1.60  2.450   0.138  0.047  0.272 
   12   350     3  -3.5  1.00  412  1.00  2.076   0.137  0.053  0.281 
   12   350     4  -2.5  1.00  558  1.00  1.316   0.289  0.041  0.253 
   12   350     5  -1.5  1.00  527  1.00  0.962   0.425  0.038  0.294 
   12   350     6  -0.5  1.00  473  1.00  0.844   0.422  0.043  0.312 
   12   350     7   0.5  1.00  435  1.00  0.777   0.435  0.055  0.375 
   12   350     8   1.5  1.00  435  1.00  0.695   0.394  0.061  0.411 
   12   350     9   2.5  1.00  455  1.00  0.595   0.238  0.052  0.354 
   12   350    10   3.5  1.00  488  1.30  0.568   0.295  0.057  0.406 
   12   350    11   4.5  0.31  420  1.80  0.553   0.223  0.068  0.437 
   12   350    12   5.5  0.00  402  2.50  0.554   0.209  0.063  0.387 
