# Paranal Airglow Line And Continuum Emission (PALACE) model: data and code of
# v1.0 (Noll et al. 2024)
# 
# 2D reference climatologies of relative intensity, solar cycle effect, and
# residual variability for PALACE variability class N
# (see pmd_climfeat.dat for the lines/multiplets/features involved in the
# calculation of the weighted averages of the climatological properties)
# 
# Column names:
# mbin: month bin
# cDOY: central day of year
# hbin: LT bin
# cLT: central LT (for longitude of Cerro Paranal)
# wbin: weight of bin (LT fraction with solar zenith angle > 100°)
# N: size of subsample
# r: radius for subsample selection relative to 1 month and 1 hour
# I: intensity relative to climatological mean
# SCE: solar cycle effect per 100 sfu relative to mean intensity of subsample
# dSCE: uncertainty of solar cycle effect
# dI: standard deviation of residuals relative to mean intensity of subsample
# 
# Note: consistent with class-related content in palace_var.fits
# 
 mbin  cDOY  hbin   cLT  wbin    N     r      I     SCE   dSCE     dI 
    1    16     1  -5.5  0.00  450  2.80  1.124  -0.375  0.114  0.522 
    1    16     2  -4.5  0.36  442  2.10  0.949  -0.399  0.112  0.549 
    1    16     3  -3.5  1.00  436  1.60  0.718  -0.055  0.114  0.583 
    1    16     4  -2.5  1.00  416  1.30  0.499  -0.110  0.124  0.689 
    1    16     5  -1.5  1.00  466  1.40  0.320   0.751  0.137  0.824 
    1    16     6  -0.5  1.00  468  1.40  0.350   1.924  0.170  0.903 
    1    16     7   0.5  1.00  411  1.30  0.626   2.713  0.156  0.741 
    1    16     8   1.5  1.00  403  1.20  0.867   2.345  0.114  0.624 
    1    16     9   2.5  1.00  426  1.20  0.921   1.948  0.109  0.627 
    1    16    10   3.5  1.00  430  1.40  0.784   1.870  0.122  0.692 
    1    16    11   4.5  0.61  422  1.90  0.768   2.085  0.116  0.652 
    1    16    12   5.5  0.00  402  2.60  0.738   2.101  0.118  0.634 
    2    46     1  -5.5  0.00  450  2.70  1.753   0.043  0.103  0.429 
    2    46     2  -4.5  0.57  431  2.00  1.498  -0.249  0.115  0.486 
    2    46     3  -3.5  1.00  406  1.40  1.259  -0.193  0.113  0.496 
    2    46     4  -2.5  1.00  431  1.30  0.900   0.495  0.114  0.536 
    2    46     5  -1.5  1.00  430  1.30  0.702   1.614  0.131  0.640 
    2    46     6  -0.5  1.00  400  1.20  0.644   2.537  0.143  0.707 
    2    46     7   0.5  1.00  443  1.20  0.796   2.766  0.127  0.687 
    2    46     8   1.5  1.00  451  1.20  1.083   2.487  0.109  0.601 
    2    46     9   2.5  1.00  400  1.10  1.243   2.207  0.110  0.585 
    2    46    10   3.5  1.00  456  1.20  0.993   2.185  0.120  0.636 
    2    46    11   4.5  1.00  406  1.60  0.852   2.239  0.129  0.663 
    2    46    12   5.5  0.03  427  2.40  0.795   2.155  0.125  0.663 
    3    75     1  -5.5  0.01  427  2.40  2.128   0.221  0.093  0.406 
    3    75     2  -4.5  1.00  410  1.70  1.988   0.175  0.093  0.410 
    3    75     3  -3.5  1.00  448  1.30  1.738   0.174  0.091  0.429 
    3    75     4  -2.5  1.00  408  1.20  1.417   0.909  0.098  0.428 
    3    75     5  -1.5  1.00  432  1.20  1.120   1.719  0.105  0.490 
    3    75     6  -0.5  1.00  433  1.20  0.983   2.385  0.112  0.565 
    3    75     7   0.5  1.00  442  1.20  1.023   2.668  0.113  0.582 
    3    75     8   1.5  1.00  450  1.20  1.208   2.629  0.110  0.560 
    3    75     9   2.5  1.00  433  1.20  1.401   2.409  0.097  0.526 
    3    75    10   3.5  1.00  452  1.20  1.133   2.236  0.110  0.569 
    3    75    11   4.5  1.00  430  1.50  0.865   2.016  0.128  0.651 
    3    75    12   5.5  0.32  426  2.20  0.737   1.863  0.132  0.651 
    4   106     1  -5.5  0.52  408  2.20  2.330   0.583  0.088  0.375 
    4   106     2  -4.5  1.00  410  1.50  2.258   0.645  0.088  0.379 
    4   106     3  -3.5  1.00  438  1.30  2.057   0.936  0.083  0.371 
    4   106     4  -2.5  1.00  434  1.30  1.797   1.701  0.075  0.359 
    4   106     5  -1.5  1.00  428  1.30  1.566   2.251  0.084  0.428 
    4   106     6  -0.5  1.00  432  1.30  1.310   2.431  0.105  0.534 
    4   106     7   0.5  1.00  459  1.30  1.088   2.676  0.114  0.581 
    4   106     8   1.5  1.00  460  1.30  1.016   2.654  0.124  0.604 
    4   106     9   2.5  1.00  469  1.30  1.045   2.174  0.121  0.589 
    4   106    10   3.5  1.00  465  1.30  0.895   1.695  0.122  0.604 
    4   106    11   4.5  1.00  422  1.50  0.728   1.522  0.132  0.648 
    4   106    12   5.5  0.55  431  2.20  0.642   1.703  0.130  0.636 
    5   136     1  -5.5  0.86  407  2.20  2.337   0.969  0.084  0.356 
    5   136     2  -4.5  1.00  423  1.60  2.245   1.049  0.085  0.369 
    5   136     3  -3.5  1.00  432  1.40  1.791   1.397  0.086  0.379 
    5   136     4  -2.5  1.00  439  1.40  1.563   2.012  0.081  0.389 
    5   136     5  -1.5  1.00  438  1.40  1.453   2.278  0.091  0.438 
    5   136     6  -0.5  1.00  459  1.40  1.160   2.363  0.116  0.547 
    5   136     7   0.5  1.00  400  1.30  0.861   2.505  0.136  0.617 
    5   136     8   1.5  1.00  450  1.40  0.723   2.513  0.132  0.634 
    5   136     9   2.5  1.00  419  1.40  0.724   2.124  0.137  0.648 
    5   136    10   3.5  1.00  455  1.40  0.657   1.671  0.126  0.636 
    5   136    11   4.5  1.00  425  1.60  0.559   1.489  0.134  0.640 
    5   136    12   5.5  0.75  431  2.20  0.486   1.583  0.126  0.615 
    6   167     1  -5.5  0.96  404  2.20  2.288   1.230  0.082  0.340 
    6   167     2  -4.5  1.00  405  1.60  2.057   1.299  0.094  0.365 
    6   167     3  -3.5  1.00  440  1.50  1.526   1.553  0.090  0.350 
    6   167     4  -2.5  1.00  438  1.50  1.224   2.154  0.086  0.383 
    6   167     5  -1.5  1.00  429  1.50  1.169   2.352  0.095  0.413 
    6   167     6  -0.5  1.00  429  1.50  0.998   2.346  0.106  0.450 
    6   167     7   0.5  1.00  406  1.50  0.715   2.315  0.123  0.512 
    6   167     8   1.5  1.00  410  1.50  0.529   2.279  0.141  0.664 
    6   167     9   2.5  1.00  434  1.60  0.466   2.036  0.132  0.641 
    6   167    10   3.5  1.00  402  1.50  0.448   1.811  0.130  0.592 
    6   167    11   4.5  1.00  428  1.70  0.411   1.748  0.123  0.572 
    6   167    12   5.5  0.95  400  2.10  0.385   1.746  0.123  0.590 
    7   197     1  -5.5  0.83  438  2.30  2.254   1.182  0.084  0.325 
    7   197     2  -4.5  1.00  423  1.70  2.021   1.180  0.091  0.333 
    7   197     3  -3.5  1.00  430  1.50  1.537   1.322  0.102  0.358 
    7   197     4  -2.5  1.00  416  1.50  1.098   1.788  0.090  0.385 
    7   197     5  -1.5  1.00  446  1.60  1.011   2.168  0.082  0.385 
    7   197     6  -0.5  1.00  444  1.60  0.824   2.068  0.102  0.437 
    7   197     7   0.5  1.00  441  1.60  0.608   1.892  0.127  0.564 
    7   197     8   1.5  1.00  466  1.60  0.493   1.832  0.144  0.684 
    7   197     9   2.5  1.00  410  1.50  0.457   1.835  0.162  0.677 
    7   197    10   3.5  1.00  469  1.50  0.452   1.920  0.138  0.597 
    7   197    11   4.5  1.00  422  1.50  0.396   1.852  0.142  0.565 
    7   197    12   5.5  1.00  424  2.10  0.383   1.825  0.133  0.579 
    8   228     1  -5.5  0.63  405  2.30  2.175   0.844  0.091  0.318 
    8   228     2  -4.5  1.00  416  1.70  2.050   0.968  0.093  0.331 
    8   228     3  -3.5  1.00  414  1.40  1.679   1.146  0.112  0.356 
    8   228     4  -2.5  1.00  467  1.50  1.259   1.722  0.106  0.425 
    8   228     5  -1.5  1.00  414  1.40  1.031   2.258  0.098  0.438 
    8   228     6  -0.5  1.00  426  1.40  0.906   2.351  0.118  0.514 
    8   228     7   0.5  1.00  454  1.40  0.722   1.859  0.149  0.673 
    8   228     8   1.5  1.00  436  1.30  0.661   1.553  0.166  0.719 
    8   228     9   2.5  1.00  452  1.30  0.698   1.722  0.157  0.638 
    8   228    10   3.5  1.00  482  1.30  0.598   1.859  0.140  0.578 
    8   228    11   4.5  1.00  443  1.40  0.454   1.875  0.146  0.614 
    8   228    12   5.5  0.79  417  2.00  0.411   1.800  0.149  0.615 
    9   259     1  -5.5  0.46  422  2.30  1.970  -0.094  0.089  0.371 
    9   259     2  -4.5  1.00  413  1.60  1.919  -0.181  0.090  0.382 
    9   259     3  -3.5  1.00  476  1.40  1.616   0.004  0.098  0.426 
    9   259     4  -2.5  1.00  412  1.30  1.199   1.059  0.120  0.493 
    9   259     5  -1.5  1.00  460  1.30  0.937   1.915  0.111  0.530 
    9   259     6  -0.5  1.00  463  1.30  0.823   2.266  0.126  0.618 
    9   259     7   0.5  1.00  411  1.20  0.759   2.165  0.152  0.713 
    9   259     8   1.5  1.00  441  1.20  0.898   2.121  0.164  0.746 
    9   259     9   2.5  1.00  401  1.10  0.938   1.966  0.143  0.584 
    9   259    10   3.5  1.00  411  1.10  0.737   1.749  0.143  0.581 
    9   259    11   4.5  1.00  450  1.50  0.565   1.750  0.143  0.638 
    9   259    12   5.5  0.33  432  2.20  0.487   1.711  0.147  0.676 
   10   289     1  -5.5  0.24  440  2.40  1.723  -0.425  0.089  0.420 
   10   289     2  -4.5  1.00  434  1.70  1.614  -0.475  0.090  0.443 
   10   289     3  -3.5  1.00  409  1.20  1.453  -0.350  0.098  0.481 
   10   289     4  -2.5  1.00  439  1.20  0.983   0.406  0.123  0.608 
   10   289     5  -1.5  1.00  458  1.20  0.674   1.322  0.130  0.692 
   10   289     6  -0.5  1.00  440  1.20  0.559   2.020  0.139  0.757 
   10   289     7   0.5  1.00  452  1.20  0.668   2.170  0.151  0.880 
   10   289     8   1.5  1.00  445  1.20  0.953   2.309  0.126  0.733 
   10   289     9   2.5  1.00  420  1.20  1.148   2.163  0.106  0.592 
   10   289    10   3.5  1.00  403  1.30  0.928   1.886  0.125  0.613 
   10   289    11   4.5  0.81  446  1.80  0.728   1.765  0.133  0.655 
   10   289    12   5.5  0.00  454  2.50  0.613   1.937  0.139  0.678 
   11   320     1  -5.5  0.00  414  2.50  1.405  -0.612  0.102  0.483 
   11   320     2  -4.5  0.91  436  1.80  1.268  -0.658  0.102  0.498 
   11   320     3  -3.5  1.00  461  1.30  0.976  -0.479  0.113  0.583 
   11   320     4  -2.5  1.00  449  1.20  0.590   0.026  0.133  0.714 
   11   320     5  -1.5  1.00  413  1.10  0.364   1.097  0.150  0.870 
   11   320     6  -0.5  1.00  447  1.20  0.322   1.799  0.133  0.878 
   11   320     7   0.5  1.00  433  1.20  0.478   2.223  0.162  0.922 
   11   320     8   1.5  1.00  471  1.30  0.786   2.083  0.141  0.838 
   11   320     9   2.5  1.00  454  1.30  0.942   1.935  0.114  0.689 
   11   320    10   3.5  1.00  429  1.60  0.872   1.722  0.114  0.661 
   11   320    11   4.5  0.40  412  2.10  0.770   1.693  0.116  0.649 
   11   320    12   5.5  0.00  455  2.80  0.665   1.679  0.121  0.699 
   12   350     1  -5.5  0.00  412  2.70  1.124  -0.644  0.108  0.497 
   12   350     2  -4.5  0.52  434  2.00  0.893  -0.445  0.109  0.547 
   12   350     3  -3.5  1.00  409  1.40  0.625  -0.378  0.104  0.582 
   12   350     4  -2.5  1.00  429  1.20  0.427  -0.175  0.116  0.680 
   12   350     5  -1.5  1.00  429  1.20  0.231   0.430  0.108  0.744 
   12   350     6  -0.5  1.00  459  1.30  0.240   1.089  0.130  0.909 
   12   350     7   0.5  1.00  410  1.30  0.390   1.629  0.167  0.924 
   12   350     8   1.5  1.00  435  1.30  0.641   1.767  0.129  0.784 
   12   350     9   2.5  1.00  443  1.30  0.706   1.770  0.101  0.690 
   12   350    10   3.5  1.00  429  1.60  0.728   1.645  0.102  0.685 
   12   350    11   4.5  0.31  405  2.10  0.702   1.760  0.108  0.710 
   12   350    12   5.5  0.00  411  2.80  0.683   1.850  0.112  0.716 
