# Paranal Airglow Line And Continuum Emission (PALACE) model: data and code of
# v1.0 (Noll et al. 2024)
# 
# Results of the evaluation of PALACE and the airglow component of the ESO Sky
# Model (noll+12) in comparison to X-shooter UVB-arm spectra
# 
# Column names:
# lam: central air wavelength of bin in µm
# lpix: lower pixel of bin in X-shooter UVB-arm spectra
# upix: upper pixel of bin in X-shooter UVB-arm spectra
# Nsel: number of selected X-shooter spectra
# mfx: mean flux of X-shooter data in R/nm
# mfp: mean flux of PALACE in R/nm
# mdfp: mean scatter of PALACE in R/nm
# mfo: mean flux of other sky radiation components from ESO Sky Model in R/nm
# fng: fraction of nightglow from ratio of mfp and mfp + mfo
# rdelp: relative deviation for PALACE (mfp / mfx - 1)
# rdp: relative scatter for PALACE (mdfp divided by standard deviation of
#      fp - fx from individual spectra)
# mfs: mean flux of airglow component of ESO Sky Model in R/nm
# mdfs: mean scatter of airglow component of ESO Sky Model in R/nm
# rdels: relative deviation for ESO Sky Model (mfs / mfx - 1)
# rds: relative scatter for ESO Sky Model (mdfs divided by standard deviation
#      of fs - fx from individual spectra)
# 
# References:
# noll+12: https://doi.org/10.1051/0004-6361/201219040
# 
     lam   lpix   upix  Nsel         mfx        mfp       mdfp        mfo        fng    rdelp    rdp        mfs       mdfs    rdels    rds 
 0.29906      0     14  6866  -2.117e+03  0.000e+00  0.000e+00  0.000e+00  1.000e+00   -1.000  0.000  0.000e+00  0.000e+00   -1.000  0.000 
 0.29936     15     29  6867  -1.640e+03  0.000e+00  0.000e+00  0.000e+00  1.000e+00   -1.000  0.000  0.000e+00  0.000e+00   -1.000  0.000 
 0.29966     30     44  6867  -1.254e+03  9.395e-07  3.305e-07  8.146e-40  1.000e+00   -1.000  0.000  3.726e-39  2.879e-39   -1.000  0.000 
 0.29996     45     59  6867  -9.491e+02  1.600e-01  5.717e-02  2.461e-02  8.667e-01   -1.000  0.000  1.094e-01  8.514e-02   -1.000  0.000 
 0.30026     60     74  6866  -7.402e+02  2.946e-01  1.053e-01  4.630e-02  8.642e-01   -1.000  0.000  2.158e-01  1.676e-01   -1.000  0.000 
 0.30056     75     89  6866  -5.867e+02  3.217e-01  1.150e-01  5.523e-02  8.535e-01   -1.001  0.000  2.363e-01  1.831e-01   -1.000  0.000 
 0.30086     90    104  6863  -4.735e+02  3.716e-01  1.328e-01  6.458e-02  8.520e-01   -1.001  0.000  2.732e-01  2.112e-01   -1.001  0.000 
 0.30116    105    119  6862  -3.681e+02  4.311e-01  1.540e-01  8.274e-02  8.390e-01   -1.001  0.000  3.182e-01  2.454e-01   -1.001  0.000 
 0.30146    120    134  6860  -2.810e+02  4.741e-01  1.694e-01  9.246e-02  8.368e-01   -1.002  0.000  3.515e-01  2.705e-01   -1.001  0.000 
 0.30176    135    149  6859  -2.177e+02  4.959e-01  1.772e-01  9.091e-02  8.451e-01   -1.002  0.000  3.690e-01  2.833e-01   -1.002  0.000 
 0.30206    150    164  6858  -1.696e+02  5.259e-01  1.879e-01  8.750e-02  8.573e-01   -1.003  0.000  3.919e-01  3.001e-01   -1.002  0.001 
 0.30237    165    179  6855  -1.341e+02  5.772e-01  2.062e-01  1.081e-01  8.423e-01   -1.004  0.001  4.308e-01  3.291e-01   -1.003  0.001 
 0.30267    180    194  6855  -1.060e+02  6.513e-01  2.326e-01  1.342e-01  8.291e-01   -1.006  0.001  4.875e-01  3.715e-01   -1.005  0.001 
 0.30297    195    210  6850  -8.429e+01  7.326e-01  2.617e-01  1.725e-01  8.095e-01   -1.009  0.001  5.501e-01  4.182e-01   -1.007  0.002 
 0.30327    211    225  6851  -6.781e+01  7.934e-01  2.834e-01  1.929e-01  8.044e-01   -1.012  0.001  5.985e-01  4.539e-01   -1.009  0.002 
 0.30358    226    240  6852  -5.559e+01  8.311e-01  2.968e-01  2.029e-01  8.037e-01   -1.015  0.002  6.290e-01  4.758e-01   -1.011  0.002 
 0.30388    241    255  6849  -4.497e+01  8.423e-01  3.008e-01  1.891e-01  8.167e-01   -1.019  0.002  6.396e-01  4.827e-01   -1.014  0.003 
 0.30418    256    270  6849  -3.719e+01  8.951e-01  3.196e-01  2.007e-01  8.168e-01   -1.024  0.002  6.800e-01  5.119e-01   -1.018  0.004 
 0.30449    271    286  6847  -3.107e+01  9.725e-01  3.473e-01  2.314e-01  8.078e-01   -1.031  0.003  7.408e-01  5.562e-01   -1.024  0.004 
 0.30479    287    301  6849  -2.613e+01  1.083e+00  3.866e-01  2.567e-01  8.083e-01   -1.041  0.003  8.269e-01  6.193e-01   -1.032  0.006 
 0.30510    302    316  6845  -2.188e+01  1.189e+00  4.246e-01  3.030e-01  7.969e-01   -1.054  0.004  9.117e-01  6.811e-01   -1.042  0.007 
 0.30540    317    331  6843  -1.851e+01  1.253e+00  4.472e-01  3.181e-01  7.975e-01   -1.068  0.005  9.644e-01  7.188e-01   -1.052  0.008 
 0.30571    332    347  6844  -1.588e+01  1.274e+00  4.550e-01  2.948e-01  8.121e-01   -1.080  0.006  9.841e-01  7.315e-01   -1.062  0.009 
 0.30601    348    362  6838  -1.341e+01  1.311e+00  4.681e-01  2.904e-01  8.187e-01   -1.098  0.006  1.016e+00  7.532e-01   -1.076  0.010 
 0.30632    363    377  6839  -1.129e+01  1.335e+00  4.767e-01  3.210e-01  8.062e-01   -1.118  0.007  1.036e+00  7.661e-01   -1.092  0.011 
 0.30663    378    392  6840  -9.364e+00  1.433e+00  5.114e-01  3.379e-01  8.092e-01   -1.153  0.008  1.114e+00  8.221e-01   -1.119  0.013 
 0.30693    393    408  6837  -8.477e+00  1.550e+00  5.534e-01  3.832e-01  8.018e-01   -1.183  0.010  1.208e+00  8.890e-01   -1.143  0.015 
 0.30724    409    423  6835  -7.420e+00  1.686e+00  6.019e-01  4.428e-01  7.920e-01   -1.227  0.011  1.319e+00  9.681e-01   -1.178  0.018 
 0.30755    424    439  6836  -6.931e+00  1.775e+00  6.337e-01  4.685e-01  7.912e-01   -1.256  0.013  1.395e+00  1.021e+00   -1.201  0.020 
 0.30785    440    454  6838  -5.420e+00  1.775e+00  6.337e-01  4.765e-01  7.884e-01   -1.328  0.014  1.400e+00  1.022e+00   -1.258  0.022 
 0.30816    455    469  6838  -3.136e+00  1.801e+00  6.429e-01  4.849e-01  7.879e-01   -1.574  0.015  1.422e+00  1.036e+00   -1.453  0.024 
 0.30847    470    485  6839  -4.037e+00  1.884e+00  6.725e-01  5.150e-01  7.854e-01   -1.467  0.016  1.494e+00  1.085e+00   -1.370  0.026 
 0.30878    486    500  6840  -3.765e+00  1.899e+00  6.777e-01  5.164e-01  7.862e-01   -1.504  0.017  1.509e+00  1.093e+00   -1.401  0.028 
 0.30909    501    516  6841  -4.371e+00  1.976e+00  7.051e-01  4.961e-01  7.993e-01   -1.452  0.019  1.573e+00  1.137e+00   -1.360  0.031 
 0.30940    517    531  6842  -5.122e+00  2.151e+00  7.675e-01  5.005e-01  8.112e-01   -1.420  0.022  1.715e+00  1.236e+00   -1.335  0.035 
 0.30971    532    547  6838  -4.538e+00  2.279e+00  8.132e-01  5.388e-01  8.088e-01   -1.502  0.024  1.827e+00  1.313e+00   -1.402  0.039 
 0.31002    548    562  6838  -4.846e+00  2.292e+00  8.177e-01  5.235e-01  8.140e-01   -1.473  0.025  1.845e+00  1.322e+00   -1.381  0.041 
 0.31033    563    578  6836  -4.869e+00  2.302e+00  8.215e-01  5.827e-01  7.980e-01   -1.473  0.026  1.856e+00  1.327e+00   -1.381  0.043 
 0.31064    579    593  6839  -5.365e+00  2.382e+00  8.499e-01  7.167e-01  7.687e-01   -1.444  0.028  1.927e+00  1.374e+00   -1.359  0.045 
 0.31095    594    609  6839  -5.128e+00  2.432e+00  8.679e-01  8.005e-01  7.524e-01   -1.474  0.029  1.973e+00  1.403e+00   -1.385  0.047 
 0.31126    610    624  6842  -5.688e+00  2.424e+00  8.647e-01  8.077e-01  7.500e-01   -1.426  0.029  1.973e+00  1.399e+00   -1.347  0.047 
 0.31157    625    640  6844  -5.380e+00  2.494e+00  8.898e-01  8.043e-01  7.562e-01   -1.464  0.030  2.032e+00  1.437e+00   -1.378  0.049 
 0.31188    641    655  6847  -5.750e+00  2.644e+00  9.432e-01  7.838e-01  7.713e-01   -1.460  0.032  2.161e+00  1.524e+00   -1.376  0.051 
 0.31219    656    671  6847  -5.846e+00  2.726e+00  9.725e-01  7.861e-01  7.762e-01   -1.466  0.033  2.237e+00  1.573e+00   -1.383  0.053 
 0.31251    672    687  6849  -6.496e+00  2.822e+00  1.007e+00  8.503e-01  7.685e-01   -1.434  0.033  2.322e+00  1.629e+00   -1.357  0.054 
 0.31282    688    702  6850  -6.469e+00  2.868e+00  1.023e+00  8.723e-01  7.668e-01   -1.443  0.033  2.368e+00  1.657e+00   -1.366  0.054 
 0.31313    703    718  6852  -6.267e+00  2.873e+00  1.025e+00  8.933e-01  7.628e-01   -1.458  0.032  2.382e+00  1.661e+00   -1.380  0.053 
 0.31344    719    734  6854  -6.251e+00  2.780e+00  9.916e-01  8.709e-01  7.615e-01   -1.445  0.031  2.310e+00  1.607e+00   -1.370  0.050 
 0.31376    735    749  6854  -6.704e+00  2.860e+00  1.020e+00  9.444e-01  7.518e-01   -1.427  0.031  2.380e+00  1.651e+00   -1.355  0.050 
 0.31407    750    765  6857  -3.064e+00  3.048e+00  1.087e+00  1.010e+00  7.510e-01   -1.995  0.032  2.550e+00  1.736e+00   -1.832  0.051 
 0.31438    766    781  6855  -1.808e-01  5.078e+00  1.819e+00  9.501e-01  8.424e-01  -29.083  0.052  4.450e+00  2.134e+00  -25.716  0.061 
 0.31470    782    796  6855   9.096e-03  5.588e+00  2.003e+00  9.646e-01  8.528e-01  613.348  0.057  4.759e+00  2.183e+00  475.871  0.062 
 0.31501    797    812  6849  -2.876e+00  4.877e+00  1.746e+00  1.063e+00  8.210e-01   -2.696  0.049  4.081e+00  2.085e+00   -2.419  0.059 
 0.31533    813    828  6848  -3.927e+00  4.311e+00  1.542e+00  1.050e+00  8.041e-01   -2.098  0.043  3.620e+00  1.956e+00   -1.922  0.055 
 0.31564    829    844  6846  -3.916e+00  3.093e+00  1.103e+00  9.524e-01  7.646e-01   -1.790  0.031  2.618e+00  1.785e+00   -1.669  0.049 
 0.31596    845    859  6844  -4.937e+00  3.257e+00  1.161e+00  8.862e-01  7.861e-01   -1.660  0.032  2.766e+00  1.881e+00   -1.560  0.052 
 0.31628    860    875  6845  -2.092e+00  3.540e+00  1.263e+00  9.522e-01  7.880e-01   -2.692  0.035  3.003e+00  1.948e+00   -2.436  0.054 
 0.31659    876    891  6842  -8.416e-01  3.475e+00  1.239e+00  1.095e+00  7.604e-01   -5.129  0.035  2.973e+00  1.995e+00   -4.532  0.056 
 0.31691    892    907  6839  -9.308e-01  3.762e+00  1.343e+00  1.193e+00  7.592e-01   -5.041  0.038  3.219e+00  2.012e+00   -4.459  0.057 
 0.31723    908    923  6839   7.557e-01  3.399e+00  1.212e+00  1.333e+00  7.184e-01    3.498  0.036  3.241e+00  2.014e+00    3.288  0.059 
 0.31754    924    939  6833   1.939e+00  3.318e+00  1.183e+00  1.287e+00  7.205e-01    0.712  0.037  2.865e+00  1.920e+00    0.478  0.059 
 0.31786    940    954  6833   2.833e+00  3.401e+00  1.212e+00  1.211e+00  7.374e-01    0.201  0.040  2.939e+00  1.964e+00    0.038  0.064 
 0.31818    955    970  6830   4.647e+00  3.508e+00  1.251e+00  1.099e+00  7.614e-01   -0.245  0.044  3.040e+00  2.025e+00   -0.346  0.071 
 0.31850    971    986  6827   6.076e+00  3.649e+00  1.301e+00  1.193e+00  7.536e-01   -0.399  0.050  3.172e+00  2.107e+00   -0.478  0.081 
 0.31881    987   1002  6827   7.736e+00  3.710e+00  1.322e+00  1.318e+00  7.379e-01   -0.520  0.055  3.236e+00  2.143e+00   -0.582  0.090 
 0.31913   1003   1018  6824   8.108e+00  3.723e+00  1.327e+00  1.347e+00  7.344e-01   -0.541  0.063  3.261e+00  2.154e+00   -0.598  0.102 
 0.31945   1019   1034  6825   8.600e+00  3.545e+00  1.263e+00  1.191e+00  7.485e-01   -0.588  0.068  3.113e+00  2.049e+00   -0.638  0.110 
 0.31977   1035   1050  6826   8.736e+00  3.548e+00  1.264e+00  1.298e+00  7.321e-01   -0.594  0.078  3.125e+00  2.051e+00   -0.642  0.127 
 0.32009   1051   1066  6835   4.702e+00  3.737e+00  1.333e+00  1.404e+00  7.270e-01   -0.205  0.238  3.113e+00  2.037e+00   -0.338  0.365 
 0.32041   1067   1082  6845   3.425e+00  4.665e+00  1.667e+00  1.562e+00  7.492e-01    0.362  0.557  3.270e+00  2.133e+00   -0.046  0.711 
 0.32073   1083   1098  6851   5.226e+00  5.488e+00  1.963e+00  1.617e+00  7.724e-01    0.050  0.709  3.388e+00  2.199e+00   -0.352  0.779 
 0.32105   1099   1114  6866   1.108e+01  9.195e+00  3.301e+00  1.469e+00  8.623e-01   -0.170  0.820  6.269e+00  2.769e+00   -0.434  0.662 
 0.32137   1115   1130  6864   8.266e+00  8.002e+00  2.870e+00  1.346e+00  8.560e-01   -0.032  0.936  5.233e+00  2.502e+00   -0.367  0.784 
 0.32170   1131   1146  6861   7.135e+00  7.635e+00  2.738e+00  1.422e+00  8.430e-01    0.070  0.998  4.853e+00  2.422e+00   -0.320  0.851 
 0.32202   1147   1162  6855   5.884e+00  6.971e+00  2.499e+00  1.451e+00  8.277e-01    0.185  1.059  4.331e+00  2.252e+00   -0.264  0.929 
 0.32234   1163   1179  6853   5.024e+00  6.484e+00  2.323e+00  1.435e+00  8.188e-01    0.291  1.071  4.113e+00  2.265e+00   -0.181  1.020 
 0.32266   1180   1195  6860   6.086e+00  5.074e+00  1.814e+00  1.310e+00  7.947e-01   -0.166  0.749  3.282e+00  2.095e+00   -0.461  0.827 
 0.32298   1196   1211  6859   5.324e+00  5.417e+00  1.937e+00  1.298e+00  8.067e-01    0.017  0.897  3.666e+00  2.206e+00   -0.311  0.982 
 0.32331   1212   1227  6854   4.994e+00  5.281e+00  1.887e+00  1.431e+00  7.868e-01    0.057  0.909  3.563e+00  2.260e+00   -0.287  1.050 
 0.32363   1228   1243  6846   4.673e+00  5.457e+00  1.951e+00  1.469e+00  7.879e-01    0.168  0.996  3.933e+00  2.318e+00   -0.159  1.145 
 0.32395   1244   1259  6849   4.593e+00  4.753e+00  1.697e+00  1.595e+00  7.488e-01    0.035  0.872  3.797e+00  2.305e+00   -0.174  1.142 
 0.32428   1260   1276  6852   3.954e+00  4.082e+00  1.455e+00  1.658e+00  7.112e-01    0.032  0.789  3.595e+00  2.259e+00   -0.091  1.179 
 0.32460   1277   1292  6846   3.285e+00  3.801e+00  1.354e+00  1.629e+00  7.000e-01    0.157  0.777  3.518e+00  2.203e+00    0.071  1.218 
 0.32493   1293   1308  6849   2.795e+00  3.723e+00  1.326e+00  1.534e+00  7.082e-01    0.332  0.786  3.422e+00  2.136e+00    0.224  1.222 
 0.32525   1309   1324  6852   3.174e+00  3.959e+00  1.411e+00  1.642e+00  7.068e-01    0.247  0.817  3.524e+00  2.193e+00    0.110  1.226 
 0.32558   1325   1341  6857   4.100e+00  4.157e+00  1.482e+00  1.810e+00  6.967e-01    0.014  0.787  3.536e+00  2.193e+00   -0.138  1.127 
 0.32590   1342   1357  6862   6.145e+00  5.473e+00  1.956e+00  2.007e+00  7.317e-01   -0.109  0.857  4.481e+00  2.339e+00   -0.271  0.986 
 0.32623   1358   1373  6859   5.897e+00  5.866e+00  2.098e+00  2.067e+00  7.395e-01   -0.005  0.943  4.720e+00  2.368e+00   -0.200  1.020 
 0.32656   1374   1389  6858   5.242e+00  5.942e+00  2.125e+00  2.027e+00  7.456e-01    0.134  0.987  4.788e+00  2.410e+00   -0.087  1.075 
 0.32688   1390   1406  6860   5.368e+00  5.090e+00  1.818e+00  2.063e+00  7.116e-01   -0.052  0.827  4.241e+00  2.355e+00   -0.210  1.030 
 0.32721   1407   1422  6851   4.533e+00  5.269e+00  1.883e+00  1.957e+00  7.292e-01    0.162  0.912  4.615e+00  2.443e+00    0.018  1.135 
 0.32754   1423   1438  6858   4.564e+00  4.757e+00  1.698e+00  1.987e+00  7.054e-01    0.042  0.818  4.384e+00  2.326e+00   -0.040  1.078 
 0.32786   1439   1455  6855   2.912e+00  3.788e+00  1.349e+00  1.842e+00  6.728e-01    0.301  0.702  3.561e+00  2.153e+00    0.223  1.088 
 0.32819   1456   1471  6857   3.976e+00  5.586e+00  1.997e+00  1.843e+00  7.519e-01    0.405  0.950  4.813e+00  2.314e+00    0.210  1.055 
 0.32852   1472   1488  6863   5.845e+00  5.633e+00  2.014e+00  1.886e+00  7.491e-01   -0.036  0.826  4.231e+00  2.282e+00   -0.276  0.900 
 0.32885   1489   1504  6859   5.182e+00  6.543e+00  2.342e+00  1.914e+00  7.737e-01    0.262  0.999  4.661e+00  2.332e+00   -0.101  0.965 
 0.32918   1505   1521  6862   7.320e+00  6.332e+00  2.265e+00  2.196e+00  7.425e-01   -0.135  0.813  4.232e+00  2.306e+00   -0.422  0.795 
 0.32951   1522   1537  6867   9.039e+00  7.680e+00  2.752e+00  2.294e+00  7.700e-01   -0.150  0.852  5.239e+00  2.490e+00   -0.420  0.741 
 0.32984   1538   1554  6868   8.714e+00  8.456e+00  3.032e+00  2.296e+00  7.865e-01   -0.030  0.952  5.935e+00  2.648e+00   -0.319  0.796 
 0.33017   1555   1570  6860   6.630e+00  7.653e+00  2.743e+00  2.203e+00  7.765e-01    0.154  1.015  5.540e+00  2.574e+00   -0.164  0.918 
 0.33050   1571   1587  6860   5.533e+00  6.309e+00  2.258e+00  2.006e+00  7.588e-01    0.140  0.898  4.621e+00  2.307e+00   -0.165  0.888 
 0.33083   1588   1603  6856   4.271e+00  5.855e+00  2.093e+00  1.910e+00  7.540e-01    0.371  0.902  4.116e+00  2.231e+00   -0.037  0.944 
 0.33116   1604   1620  6862   6.181e+00  7.057e+00  2.528e+00  1.977e+00  7.812e-01    0.142  0.999  4.934e+00  2.295e+00   -0.202  0.877 
 0.33149   1621   1636  6861   6.960e+00  6.651e+00  2.381e+00  1.974e+00  7.712e-01   -0.044  0.884  4.272e+00  2.239e+00   -0.386  0.794 
 0.33182   1637   1653  6865   8.019e+00  6.478e+00  2.318e+00  2.031e+00  7.613e-01   -0.192  0.817  4.180e+00  2.265e+00   -0.479  0.758 
 0.33215   1654   1669  6855   5.936e+00  5.985e+00  2.140e+00  2.055e+00  7.444e-01    0.008  0.877  3.846e+00  2.228e+00   -0.352  0.874 
 0.33248   1670   1686  6863   6.322e+00  6.198e+00  2.217e+00  2.039e+00  7.525e-01   -0.020  0.898  4.313e+00  2.286e+00   -0.318  0.884 
 0.33282   1687   1703  6855   4.271e+00  5.607e+00  2.004e+00  2.050e+00  7.323e-01    0.313  0.950  4.373e+00  2.264e+00    0.024  1.024 
 0.33315   1704   1719  6864   4.760e+00  5.123e+00  1.829e+00  2.021e+00  7.171e-01    0.076  0.881  4.396e+00  2.260e+00   -0.076  1.036 
 0.33348   1720   1736  6863   3.944e+00  4.435e+00  1.581e+00  1.953e+00  6.943e-01    0.124  0.837  4.148e+00  2.190e+00    0.051  1.082 
 0.33382   1737   1753  6861   3.745e+00  3.721e+00  1.324e+00  1.864e+00  6.663e-01   -0.006  0.762  3.764e+00  2.141e+00    0.005  1.144 
 0.33415   1754   1769  6855   3.157e+00  3.582e+00  1.273e+00  1.992e+00  6.426e-01    0.135  0.784  3.812e+00  2.161e+00    0.207  1.215 
 0.33448   1770   1786  6859   3.572e+00  3.459e+00  1.228e+00  2.099e+00  6.223e-01   -0.032  0.743  3.845e+00  2.172e+00    0.076  1.222 
 0.33482   1787   1803  6855   2.694e+00  3.334e+00  1.183e+00  2.086e+00  6.152e-01    0.237  0.775  3.865e+00  2.175e+00    0.435  1.282 
 0.33515   1804   1819  6860   3.394e+00  3.159e+00  1.120e+00  2.062e+00  6.050e-01   -0.069  0.738  3.883e+00  2.177e+00    0.144  1.318 
 0.33549   1820   1836  6861   2.851e+00  3.161e+00  1.121e+00  2.182e+00  5.916e-01    0.109  0.793  3.889e+00  2.172e+00    0.364  1.376 
 0.33582   1837   1853  6860   2.784e+00  3.695e+00  1.313e+00  2.019e+00  6.467e-01    0.327  0.957  3.892e+00  2.166e+00    0.398  1.413 
 0.33616   1854   1870  6858   2.733e+00  4.432e+00  1.579e+00  1.658e+00  7.277e-01    0.622  1.189  3.882e+00  2.152e+00    0.420  1.453 
 0.33650   1871   1887  6862   3.374e+00  4.973e+00  1.775e+00  1.901e+00  7.235e-01    0.474  1.170  3.860e+00  2.132e+00    0.144  1.314 
 0.33683   1888   1903  6873   1.007e+01  7.017e+00  2.512e+00  1.799e+00  7.959e-01   -0.303  0.780  5.302e+00  2.333e+00   -0.473  0.682 
 0.33717   1904   1920  6873   1.010e+01  8.321e+00  2.983e+00  1.703e+00  8.301e-01   -0.177  0.934  6.249e+00  2.464e+00   -0.382  0.720 
 0.33751   1921   1937  6874   7.655e+00  8.293e+00  2.973e+00  1.893e+00  8.141e-01    0.083  1.251  6.022e+00  2.439e+00   -0.213  0.945 
 0.33784   1938   1954  6870   6.493e+00  7.543e+00  2.702e+00  2.098e+00  7.824e-01    0.162  1.267  5.685e+00  2.376e+00   -0.124  1.025 
 0.33818   1955   1971  6870   5.684e+00  6.300e+00  2.253e+00  1.968e+00  7.619e-01    0.108  1.187  5.055e+00  2.235e+00   -0.111  1.078 
 0.33852   1972   1988  6870   5.413e+00  5.472e+00  1.955e+00  2.066e+00  7.259e-01    0.011  1.075  4.671e+00  2.175e+00   -0.137  1.103 
 0.33886   1989   2005  6865   4.252e+00  4.374e+00  1.558e+00  2.136e+00  6.719e-01    0.029  1.003  3.904e+00  2.099e+00   -0.082  1.233 
 0.33920   2006   2022  6865   3.885e+00  4.185e+00  1.490e+00  2.077e+00  6.683e-01    0.077  1.029  3.904e+00  2.090e+00    0.005  1.297 
 0.33954   2023   2039  6867   4.174e+00  3.930e+00  1.398e+00  2.058e+00  6.563e-01   -0.059  0.926  3.902e+00  2.081e+00   -0.065  1.254 
 0.33988   2040   2056  6862   3.741e+00  3.655e+00  1.299e+00  2.281e+00  6.157e-01   -0.023  0.914  3.888e+00  2.065e+00    0.039  1.316 
 0.34022   2057   2073  6859   2.957e+00  3.367e+00  1.195e+00  2.345e+00  5.895e-01    0.138  0.930  3.869e+00  2.047e+00    0.308  1.391 
 0.34056   2074   2090  6860   3.006e+00  3.257e+00  1.155e+00  2.197e+00  5.971e-01    0.084  0.886  3.884e+00  2.047e+00    0.292  1.378 
 0.34090   2091   2107  6852   2.624e+00  3.373e+00  1.197e+00  2.076e+00  6.190e-01    0.286  0.980  3.898e+00  2.046e+00    0.486  1.432 
 0.34124   2108   2124  6856   2.939e+00  3.487e+00  1.238e+00  2.051e+00  6.296e-01    0.187  0.947  3.907e+00  2.042e+00    0.329  1.371 
 0.34158   2125   2141  6867   4.118e+00  3.623e+00  1.287e+00  1.958e+00  6.492e-01   -0.120  0.880  3.912e+00  2.036e+00   -0.050  1.257 
 0.34192   2142   2158  6864   4.563e+00  4.338e+00  1.545e+00  2.167e+00  6.669e-01   -0.049  0.964  4.328e+00  2.076e+00   -0.052  1.176 
 0.34226   2159   2175  6868   4.163e+00  4.685e+00  1.670e+00  2.232e+00  6.773e-01    0.125  1.086  4.483e+00  2.081e+00    0.077  1.208 
 0.34260   2176   2192  6863   4.515e+00  4.108e+00  1.462e+00  2.168e+00  6.546e-01   -0.090  0.911  3.915e+00  2.013e+00   -0.133  1.146 
 0.34295   2193   2209  6864   4.141e+00  4.424e+00  1.576e+00  2.272e+00  6.607e-01    0.069  0.997  4.181e+00  2.028e+00    0.010  1.167 
 0.34329   2210   2227  6866   3.419e+00  4.439e+00  1.582e+00  2.267e+00  6.620e-01    0.299  1.095  4.094e+00  2.008e+00    0.198  1.242 
 0.34363   2228   2244  6867   5.740e+00  5.308e+00  1.895e+00  2.198e+00  7.072e-01   -0.075  1.015  4.825e+00  2.142e+00   -0.159  1.052 
 0.34398   2245   2261  6867   4.384e+00  4.254e+00  1.515e+00  1.875e+00  6.940e-01   -0.030  0.943  3.887e+00  1.965e+00   -0.113  1.113 
 0.34432   2262   2278  6860   3.695e+00  4.547e+00  1.621e+00  1.561e+00  7.444e-01    0.231  1.102  3.896e+00  1.962e+00    0.054  1.210 
 0.34466   2279   2295  6859   4.327e+00  4.714e+00  1.681e+00  1.762e+00  7.280e-01    0.089  1.037  3.908e+00  1.959e+00   -0.097  1.111 
 0.34501   2296   2313  6867   6.034e+00  5.643e+00  2.016e+00  2.057e+00  7.328e-01   -0.065  1.003  4.732e+00  2.036e+00   -0.216  0.942 
 0.34535   2314   2330  6869   6.861e+00  6.691e+00  2.394e+00  2.115e+00  7.599e-01   -0.025  1.058  5.674e+00  2.162e+00   -0.173  0.886 
 0.34570   2331   2347  6867   5.539e+00  6.078e+00  2.173e+00  2.126e+00  7.409e-01    0.097  1.121  5.112e+00  2.082e+00   -0.077  0.988 
 0.34605   2348   2364  6867   4.955e+00  5.559e+00  1.985e+00  1.948e+00  7.405e-01    0.122  1.063  4.738e+00  2.018e+00   -0.044  0.995 
 0.34639   2365   2382  6861   4.564e+00  4.587e+00  1.635e+00  2.037e+00  6.925e-01    0.005  0.925  4.134e+00  1.948e+00   -0.094  1.021 
 0.34674   2383   2399  6860   4.280e+00  4.239e+00  1.509e+00  2.085e+00  6.703e-01   -0.010  0.871  3.928e+00  1.919e+00   -0.082  1.039 
 0.34708   2400   2416  6862   3.938e+00  4.334e+00  1.543e+00  2.218e+00  6.614e-01    0.101  0.908  3.926e+00  1.909e+00   -0.003  1.047 
 0.34743   2417   2434  6861   3.336e+00  4.470e+00  1.593e+00  1.984e+00  6.926e-01    0.340  1.015  3.923e+00  1.899e+00    0.176  1.112 
 0.34778   2435   2451  6865   5.839e+00  5.761e+00  2.058e+00  1.867e+00  7.552e-01   -0.013  1.071  5.017e+00  2.010e+00   -0.141  0.963 
 0.34813   2452   2469  6872   9.562e+00  8.481e+00  3.040e+00  2.108e+00  8.009e-01   -0.113  1.088  7.351e+00  2.375e+00   -0.231  0.782 
 0.34847   2470   2486  6870   6.680e+00  7.476e+00  2.677e+00  2.060e+00  7.840e-01    0.119  1.273  6.361e+00  2.279e+00   -0.048  0.980 
 0.34882   2487   2503  6869   6.470e+00  7.006e+00  2.508e+00  2.131e+00  7.668e-01    0.083  1.225  6.036e+00  2.179e+00   -0.067  0.964 
 0.34917   2504   2521  6864   5.417e+00  5.423e+00  1.936e+00  1.959e+00  7.347e-01    0.001  1.074  4.880e+00  2.002e+00   -0.099  1.001 
 0.34952   2522   2538  6864   4.852e+00  4.951e+00  1.766e+00  2.015e+00  7.108e-01    0.020  1.032  4.724e+00  2.029e+00   -0.027  1.072 
 0.34987   2539   2556  6860   4.480e+00  4.359e+00  1.552e+00  2.156e+00  6.691e-01   -0.027  0.960  4.356e+00  1.891e+00   -0.028  1.061 
 0.35022   2557   2573  6859   3.172e+00  4.109e+00  1.462e+00  2.445e+00  6.270e-01    0.295  0.991  4.295e+00  1.870e+00    0.354  1.128 
 0.35057   2574   2591  6859   3.533e+00  4.032e+00  1.434e+00  2.417e+00  6.252e-01    0.141  1.002  4.320e+00  1.857e+00    0.222  1.143 
 0.35092   2592   2608  6867   4.414e+00  3.968e+00  1.411e+00  2.247e+00  6.385e-01   -0.101  0.921  4.233e+00  1.843e+00   -0.041  1.082 
 0.35127   2609   2626  6862   3.498e+00  3.857e+00  1.371e+00  2.067e+00  6.510e-01    0.103  1.047  4.198e+00  1.834e+00    0.200  1.211 
 0.35162   2627   2643  6861   3.910e+00  3.453e+00  1.225e+00  2.064e+00  6.259e-01   -0.117  0.847  4.216e+00  1.846e+00    0.078  1.120 
 0.35198   2644   2661  6855   3.061e+00  3.396e+00  1.205e+00  2.282e+00  5.981e-01    0.109  0.960  4.054e+00  1.803e+00    0.324  1.215 
 0.35233   2662   2679  6859   3.124e+00  3.315e+00  1.175e+00  1.979e+00  6.262e-01    0.061  0.955  3.934e+00  1.784e+00    0.259  1.238 
 0.35268   2680   2696  6849   2.821e+00  3.102e+00  1.098e+00  1.860e+00  6.251e-01    0.099  0.937  3.935e+00  1.776e+00    0.394  1.267 
 0.35303   2697   2714  6852   3.069e+00  3.163e+00  1.121e+00  2.264e+00  5.828e-01    0.031  0.876  3.936e+00  1.768e+00    0.282  1.197 
 0.35339   2715   2732  6851   2.605e+00  3.852e+00  1.369e+00  2.366e+00  6.194e-01    0.479  1.139  3.937e+00  1.760e+00    0.511  1.256 
 0.35374   2733   2749  6852   2.796e+00  4.453e+00  1.586e+00  2.447e+00  6.453e-01    0.592  1.275  3.937e+00  1.752e+00    0.407  1.242 
 0.35409   2750   2767  6871   6.683e+00  5.563e+00  1.987e+00  2.535e+00  6.870e-01   -0.168  0.929  4.472e+00  1.808e+00   -0.331  0.778 
 0.35445   2768   2785  6872   8.535e+00  7.329e+00  2.624e+00  2.509e+00  7.450e-01   -0.141  1.024  5.508e+00  1.969e+00   -0.355  0.707 
 0.35480   2786   2802  6870   7.440e+00  7.652e+00  2.740e+00  2.451e+00  7.574e-01    0.028  1.204  5.389e+00  1.947e+00   -0.276  0.780 
 0.35516   2803   2820  6870   6.880e+00  6.821e+00  2.440e+00  2.485e+00  7.330e-01   -0.009  1.149  4.912e+00  1.851e+00   -0.286  0.792 
 0.35551   2821   2838  6872   7.905e+00  7.480e+00  2.678e+00  2.299e+00  7.649e-01   -0.054  1.097  6.089e+00  2.008e+00   -0.230  0.753 
 0.35587   2839   2856  6867   5.898e+00  6.040e+00  2.159e+00  2.388e+00  7.167e-01    0.024  1.144  5.252e+00  1.892e+00   -0.110  0.904 
 0.35622   2857   2874  6869   5.966e+00  6.617e+00  2.367e+00  2.374e+00  7.360e-01    0.109  1.213  5.998e+00  2.061e+00    0.005  0.947 
 0.35658   2875   2891  6859   3.700e+00  4.776e+00  1.702e+00  2.027e+00  7.020e-01    0.291  1.271  5.153e+00  1.900e+00    0.393  1.173 
 0.35694   2892   2909  6860   3.881e+00  4.099e+00  1.458e+00  1.857e+00  6.882e-01    0.056  1.075  4.609e+00  1.766e+00    0.187  1.116 
 0.35729   2910   2927  6854   3.757e+00  3.135e+00  1.110e+00  1.905e+00  6.220e-01   -0.165  0.806  3.935e+00  1.663e+00    0.047  1.073 
 0.35765   2928   2945  6852   3.250e+00  3.163e+00  1.120e+00  2.036e+00  6.084e-01   -0.027  0.868  4.092e+00  1.670e+00    0.258  1.105 
 0.35801   2946   2963  6848   2.287e+00  2.845e+00  1.006e+00  1.844e+00  6.067e-01    0.244  0.944  3.939e+00  1.646e+00    0.722  1.233 
 0.35836   2964   2981  6853   2.675e+00  2.919e+00  1.032e+00  1.639e+00  6.404e-01    0.091  0.924  4.096e+00  1.652e+00    0.531  1.197 
 0.35872   2982   2999  6853   2.263e+00  2.638e+00  9.309e-01  1.658e+00  6.141e-01    0.166  0.876  3.932e+00  1.627e+00    0.737  1.212 
 0.35908   3000   3017  6847   2.781e+00  2.602e+00  9.178e-01  2.046e+00  5.597e-01   -0.064  0.742  3.931e+00  1.618e+00    0.414  1.100 
 0.35944   3018   3035  6855   2.785e+00  2.619e+00  9.240e-01  2.328e+00  5.294e-01   -0.060  0.762  3.929e+00  1.608e+00    0.410  1.110 
 0.35980   3036   3053  6847   2.514e+00  2.617e+00  9.235e-01  2.530e+00  5.085e-01    0.041  0.744  3.929e+00  1.599e+00    0.563  1.064 
 0.36016   3054   3071  6843   2.555e+00  2.571e+00  9.067e-01  2.515e+00  5.055e-01    0.006  0.743  3.929e+00  1.590e+00    0.538  1.078 
 0.36052   3072   3089  6842   2.143e+00  2.532e+00  8.925e-01  2.211e+00  5.339e-01    0.181  0.789  3.929e+00  1.582e+00    0.833  1.123 
 0.36088   3090   3107  6848   2.121e+00  2.573e+00  9.072e-01  2.042e+00  5.575e-01    0.213  0.807  3.930e+00  1.573e+00    0.853  1.119 
 0.36124   3108   3125  6852   2.415e+00  2.698e+00  9.523e-01  2.077e+00  5.650e-01    0.117  0.764  3.932e+00  1.565e+00    0.628  1.042 
 0.36160   3126   3143  6860   4.937e+00  4.761e+00  1.697e+00  2.196e+00  6.843e-01   -0.036  1.034  5.562e+00  1.786e+00    0.126  0.926 
 0.36196   3144   3161  6865   4.364e+00  4.738e+00  1.689e+00  1.985e+00  7.047e-01    0.086  1.088  5.289e+00  1.727e+00    0.212  0.938 
 0.36233   3162   3179  6858   4.250e+00  4.419e+00  1.573e+00  2.267e+00  6.609e-01    0.040  1.041  4.744e+00  1.638e+00    0.116  0.938 
 0.36269   3180   3197  6858   4.293e+00  4.421e+00  1.574e+00  2.539e+00  6.352e-01    0.030  0.955  4.464e+00  1.604e+00    0.040  0.877 
 0.36305   3198   3215  6864   4.942e+00  5.151e+00  1.838e+00  2.429e+00  6.796e-01    0.042  1.027  4.896e+00  1.686e+00   -0.009  0.849 
 0.36341   3216   3233  6866   5.926e+00  5.684e+00  2.030e+00  2.186e+00  7.222e-01   -0.041  1.030  5.244e+00  1.711e+00   -0.115  0.785 
 0.36378   3234   3252  6866   5.592e+00  5.475e+00  1.954e+00  2.391e+00  6.961e-01   -0.021  1.032  5.005e+00  1.651e+00   -0.105  0.796 
 0.36414   3253   3270  6867   5.394e+00  5.635e+00  2.012e+00  2.561e+00  6.876e-01    0.045  1.075  5.101e+00  1.638e+00   -0.054  0.797 
 0.36451   3271   3288  6864   4.498e+00  4.653e+00  1.658e+00  2.379e+00  6.617e-01    0.034  1.015  4.315e+00  1.540e+00   -0.041  0.858 
 0.36487   3289   3306  6860   3.925e+00  4.491e+00  1.599e+00  2.257e+00  6.655e-01    0.144  1.069  4.245e+00  1.504e+00    0.081  0.900 
 0.36524   3307   3324  6863   3.803e+00  4.158e+00  1.479e+00  2.503e+00  6.242e-01    0.093  0.974  3.949e+00  1.474e+00    0.038  0.891 
 0.36560   3325   3343  6863   3.925e+00  4.154e+00  1.478e+00  2.763e+00  6.006e-01    0.058  0.984  3.950e+00  1.465e+00    0.006  0.893 
 0.36597   3344   3361  6865   4.624e+00  4.017e+00  1.428e+00  2.905e+00  5.803e-01   -0.131  0.870  3.950e+00  1.456e+00   -0.146  0.820 
 0.36633   3362   3379  6861   4.029e+00  3.967e+00  1.410e+00  2.864e+00  5.808e-01   -0.015  0.950  4.035e+00  1.454e+00    0.001  0.888 
 0.36670   3380   3398  6862   3.502e+00  3.710e+00  1.317e+00  2.804e+00  5.696e-01    0.059  0.929  4.040e+00  1.444e+00    0.153  0.906 
 0.36707   3399   3416  6858   3.281e+00  3.488e+00  1.237e+00  2.732e+00  5.607e-01    0.063  0.919  4.130e+00  1.451e+00    0.258  0.939 
 0.36743   3417   3434  6857   3.087e+00  3.155e+00  1.117e+00  2.831e+00  5.271e-01    0.022  0.820  4.149e+00  1.440e+00    0.344  0.911 
 0.36780   3435   3453  6856   2.458e+00  2.841e+00  1.004e+00  2.679e+00  5.147e-01    0.156  0.882  4.019e+00  1.420e+00    0.634  1.009 
 0.36817   3454   3471  6855   2.087e+00  2.574e+00  9.072e-01  2.532e+00  5.041e-01    0.233  0.832  3.952e+00  1.403e+00    0.892  1.013 
 0.36854   3472   3490  6855   2.566e+00  2.530e+00  8.914e-01  2.616e+00  4.916e-01   -0.014  0.806  3.952e+00  1.394e+00    0.539  1.016 
 0.36890   3491   3508  6850   2.385e+00  2.589e+00  9.124e-01  2.567e+00  5.021e-01    0.085  0.860  3.952e+00  1.385e+00    0.657  1.026 
 0.36927   3509   3526  6854   2.638e+00  2.835e+00  1.040e+00  2.910e+00  4.935e-01    0.074  0.886  3.936e+00  1.377e+00    0.490  0.965 
 0.36964   3527   3545  6862   3.027e+00  3.287e+00  1.164e+00  2.875e+00  5.334e-01    0.086  0.954  4.302e+00  1.415e+00    0.421  0.949 
 0.37001   3546   3563  6864   4.856e+00  4.780e+00  1.703e+00  2.999e+00  6.145e-01   -0.016  1.069  5.287e+00  1.534e+00    0.089  0.831 
 0.37038   3564   3582  6866   4.468e+00  4.344e+00  1.546e+00  2.810e+00  6.072e-01   -0.028  1.032  4.836e+00  1.479e+00    0.082  0.851 
 0.37075   3583   3600  6864   3.634e+00  3.995e+00  1.420e+00  2.475e+00  6.175e-01    0.099  1.117  4.471e+00  1.421e+00    0.230  0.929 
 0.37112   3601   3619  6864   3.609e+00  3.395e+00  1.203e+00  2.668e+00  5.600e-01   -0.059  0.921  4.209e+00  1.380e+00    0.166  0.899 
 0.37149   3620   3638  6861   3.377e+00  3.215e+00  1.138e+00  3.061e+00  5.123e-01   -0.048  0.864  4.041e+00  1.365e+00    0.196  0.892 
 0.37187   3639   3656  6857   2.479e+00  3.593e+00  1.275e+00  2.847e+00  5.580e-01    0.450  1.132  3.955e+00  1.341e+00    0.595  0.975 
 0.37224   3657   3675  6842   2.481e+00  3.850e+00  1.368e+00  2.343e+00  6.217e-01    0.552  1.271  3.944e+00  1.345e+00    0.589  1.012 
 0.37261   3676   3693  6783   3.589e+00  3.658e+00  1.298e+00  2.775e+00  5.687e-01    0.019  0.751  3.758e+00  1.314e+00    0.048  0.705 
 0.37298   3694   3712  6740   4.969e+00  4.315e+00  1.535e+00  2.706e+00  6.146e-01   -0.132  0.749  4.053e+00  1.345e+00   -0.184  0.620 
 0.37336   3713   3731  6842   4.960e+00  5.733e+00  2.047e+00  2.393e+00  7.055e-01    0.156  1.154  4.924e+00  1.457e+00   -0.007  0.724 
 0.37373   3732   3749  6870   5.476e+00  5.919e+00  2.114e+00  2.037e+00  7.440e-01    0.081  1.246  5.250e+00  1.521e+00   -0.041  0.785 
 0.37410   3750   3768  6871   6.581e+00  5.648e+00  2.016e+00  2.522e+00  6.913e-01   -0.142  1.009  5.345e+00  1.602e+00   -0.188  0.729 
 0.37448   3769   3787  6866   4.435e+00  5.243e+00  1.870e+00  2.368e+00  6.888e-01    0.182  1.237  4.923e+00  1.524e+00    0.110  0.864 
 0.37485   3788   3805  6865   3.688e+00  4.306e+00  1.532e+00  2.137e+00  6.683e-01    0.168  1.129  4.180e+00  1.358e+00    0.133  0.863 
 0.37523   3806   3824  6860   3.946e+00  3.714e+00  1.318e+00  2.426e+00  6.049e-01   -0.059  0.960  3.813e+00  1.286e+00   -0.034  0.831 
 0.37560   3825   3843  6860   4.383e+00  3.786e+00  1.344e+00  2.994e+00  5.584e-01   -0.136  0.863  4.072e+00  1.327e+00   -0.071  0.768 
 0.37598   3844   3862  6852   3.119e+00  3.576e+00  1.268e+00  2.660e+00  5.734e-01    0.146  1.052  3.953e+00  1.286e+00    0.267  0.902 
 0.37635   3863   3881  6852   2.767e+00  3.249e+00  1.150e+00  2.751e+00  5.415e-01    0.174  1.021  3.836e+00  1.289e+00    0.386  0.948 
 0.37673   3882   3899  6852   2.220e+00  2.686e+00  9.472e-01  2.769e+00  4.924e-01    0.210  0.911  3.566e+00  1.237e+00    0.605  0.959 
 0.37711   3900   3918  6856   3.093e+00  2.836e+00  1.001e+00  2.905e+00  4.941e-01   -0.083  0.826  3.660e+00  1.232e+00    0.183  0.878 
 0.37748   3919   3937  6858   3.174e+00  3.718e+00  1.320e+00  3.234e+00  5.348e-01    0.171  1.090  4.466e+00  1.402e+00    0.406  0.948 
 0.37786   3938   3956  6850   3.128e+00  2.962e+00  1.047e+00  3.380e+00  4.671e-01   -0.053  0.848  3.769e+00  1.257e+00    0.205  0.885 
 0.37824   3957   3975  6847   2.799e+00  2.998e+00  1.059e+00  3.540e+00  4.585e-01    0.071  0.855  3.756e+00  1.238e+00    0.341  0.861 
 0.37862   3976   3994  6843   2.744e+00  3.227e+00  1.142e+00  3.371e+00  4.892e-01    0.176  0.931  3.960e+00  1.323e+00    0.443  0.911 
 0.37900   3995   4013  6850   3.197e+00  2.946e+00  1.041e+00  2.934e+00  5.010e-01   -0.078  0.830  3.699e+00  1.231e+00    0.157  0.856 
 0.37937   4014   4032  6856   3.399e+00  3.324e+00  1.177e+00  2.863e+00  5.372e-01   -0.022  0.889  3.980e+00  1.258e+00    0.171  0.830 
 0.37975   4033   4051  6843   2.402e+00  3.075e+00  1.087e+00  2.661e+00  5.361e-01    0.280  0.931  3.648e+00  1.199e+00    0.519  0.874 
 0.38013   4052   4070  6855   3.112e+00  2.996e+00  1.059e+00  2.834e+00  5.139e-01   -0.037  0.856  3.504e+00  1.175e+00    0.126  0.841 
 0.38051   4071   4089  6840   2.534e+00  2.700e+00  9.521e-01  3.263e+00  4.528e-01    0.066  0.802  3.210e+00  1.146e+00    0.267  0.852 
 0.38089   4090   4108  6843   2.776e+00  2.881e+00  1.017e+00  3.218e+00  4.724e-01    0.038  0.808  3.286e+00  1.148e+00    0.184  0.818 
 0.38128   4109   4127  6853   3.498e+00  3.396e+00  1.203e+00  3.192e+00  5.155e-01   -0.029  0.861  3.849e+00  1.242e+00    0.100  0.798 
 0.38166   4128   4146  6849   3.877e+00  4.091e+00  1.454e+00  2.688e+00  6.035e-01    0.055  1.030  4.443e+00  1.368e+00    0.146  0.846 
 0.38204   4147   4165  6853   3.254e+00  4.086e+00  1.452e+00  2.528e+00  6.178e-01    0.256  1.069  4.317e+00  1.296e+00    0.327  0.826 
 0.38242   4166   4184  6848   3.096e+00  3.817e+00  1.355e+00  2.375e+00  6.165e-01    0.233  1.069  3.924e+00  1.236e+00    0.267  0.855 
 0.38280   4185   4203  6864   4.842e+00  4.130e+00  1.468e+00  2.050e+00  6.683e-01   -0.147  0.893  4.072e+00  1.229e+00   -0.159  0.689 
 0.38319   4204   4222  6865   6.179e+00  5.948e+00  2.124e+00  2.064e+00  7.424e-01   -0.037  1.073  5.576e+00  1.544e+00   -0.098  0.705 
 0.38357   4223   4242  6854   4.701e+00  4.686e+00  1.668e+00  2.019e+00  6.988e-01   -0.003  1.031  4.146e+00  1.314e+00   -0.118  0.742 
 0.38395   4243   4261  6862   3.782e+00  4.343e+00  1.544e+00  2.110e+00  6.730e-01    0.148  1.047  4.068e+00  1.283e+00    0.076  0.780 
 0.38434   4262   4280  6862   4.199e+00  3.784e+00  1.343e+00  2.574e+00  5.952e-01   -0.099  0.916  3.594e+00  1.157e+00   -0.144  0.725 
 0.38472   4281   4299  6851   3.845e+00  4.408e+00  1.568e+00  2.948e+00  5.993e-01    0.146  1.086  4.259e+00  1.276e+00    0.107  0.791 
 0.38510   4300   4318  6849   3.442e+00  3.574e+00  1.267e+00  2.922e+00  5.502e-01    0.038  0.924  3.611e+00  1.157e+00    0.049  0.768 
 0.38549   4319   4338  6842   2.977e+00  3.143e+00  1.112e+00  2.853e+00  5.242e-01    0.056  0.863  3.297e+00  1.105e+00    0.107  0.778 
 0.38588   4339   4357  6847   2.106e+00  2.735e+00  9.643e-01  2.586e+00  5.140e-01    0.299  0.834  2.874e+00  1.039e+00    0.364  0.809 
 0.38626   4358   4376  6856   3.239e+00  2.602e+00  9.163e-01  2.661e+00  4.944e-01   -0.196  0.716  2.907e+00  1.041e+00   -0.103  0.752 
 0.38665   4377   4396  6834   2.540e+00  2.546e+00  8.958e-01  2.961e+00  4.623e-01    0.002  0.755  2.959e+00  1.040e+00    0.165  0.793 
 0.38703   4397   4415  6817   1.704e+00  2.432e+00  8.548e-01  2.781e+00  4.665e-01    0.427  0.789  2.804e+00  1.017e+00    0.645  0.826 
 0.38742   4416   4434  6848   2.731e+00  2.400e+00  8.430e-01  2.723e+00  4.684e-01   -0.121  0.730  2.940e+00  1.035e+00    0.076  0.808 
 0.38781   4435   4454  6833   1.932e+00  2.061e+00  7.207e-01  2.859e+00  4.189e-01    0.067  0.721  2.812e+00  1.018e+00    0.455  0.879 
 0.38820   4455   4473  6837   1.799e+00  1.984e+00  6.930e-01  2.706e+00  4.230e-01    0.103  0.715  2.926e+00  1.034e+00    0.626  0.899 
 0.38858   4474   4492  6836   1.653e+00  1.992e+00  6.960e-01  2.756e+00  4.196e-01    0.206  0.736  2.811e+00  1.018e+00    0.700  0.907 
 0.38897   4493   4512  6807   1.960e+00  2.091e+00  7.316e-01  2.762e+00  4.309e-01    0.067  0.652  3.516e+00  1.439e+00    0.794  1.061 
 0.38936   4513   4531  6844   1.830e+00  2.000e+00  6.987e-01  3.242e+00  3.815e-01    0.093  0.725  2.815e+00  1.019e+00    0.537  0.905 
 0.38975   4532   4551  6841   2.190e+00  2.104e+00  7.362e-01  3.393e+00  3.827e-01   -0.039  0.718  2.817e+00  1.019e+00    0.285  0.872 
 0.39014   4552   4570  6842   2.185e+00  2.260e+00  7.924e-01  3.421e+00  3.978e-01    0.034  0.739  2.820e+00  1.020e+00    0.290  0.848 
 0.39053   4571   4590  6861   3.671e+00  3.979e+00  1.413e+00  3.255e+00  5.500e-01    0.084  1.007  4.334e+00  1.324e+00    0.180  0.834 
 0.39092   4591   4609  6857   4.241e+00  4.266e+00  1.516e+00  3.515e+00  5.483e-01    0.006  1.033  4.564e+00  1.364e+00    0.076  0.828 
 0.39131   4610   4629  6821   3.933e+00  3.405e+00  1.205e+00  3.729e+00  4.773e-01   -0.134  0.805  4.005e+00  1.231e+00    0.017  0.760 
 0.39170   4630   4649  6848   2.903e+00  3.054e+00  1.079e+00  3.618e+00  4.577e-01    0.052  0.877  3.701e+00  1.162e+00    0.274  0.826 
 0.39210   4650   4668  6841   2.088e+00  2.444e+00  8.587e-01  3.228e+00  4.309e-01    0.171  0.787  3.338e+00  1.090e+00    0.598  0.850 
 0.39249   4669   4688  6828   2.303e+00  2.459e+00  8.641e-01  2.968e+00  4.532e-01    0.068  0.844  3.542e+00  1.116e+00    0.536  0.891 
 0.39288   4689   4707  6830   1.705e+00  2.258e+00  7.916e-01  2.359e+00  4.891e-01    0.325  0.796  3.307e+00  1.079e+00    0.939  0.884 
 0.39327   4708   4727  6809   1.951e+00  2.281e+00  7.997e-01  1.681e+00  5.757e-01    0.169  0.689  3.169e+00  1.077e+00    0.622  0.824 
 0.39367   4728   4747  6830   2.096e+00  2.169e+00  7.593e-01  1.659e+00  5.666e-01    0.035  0.841  2.894e+00  1.026e+00    0.380  0.953 
 0.39406   4748   4766  6856   3.905e+00  3.044e+00  1.075e+00  2.372e+00  5.620e-01   -0.221  0.800  3.609e+00  1.135e+00   -0.076  0.770 
 0.39445   4767   4786  6854   3.557e+00  3.645e+00  1.295e+00  2.829e+00  5.630e-01    0.025  0.995  4.119e+00  1.286e+00    0.158  0.864 
 0.39485   4787   4806  6845   3.291e+00  3.513e+00  1.553e+00  3.373e+00  5.101e-01    0.067  1.182  3.468e+00  1.132e+00    0.053  0.734 
 0.39524   4807   4826  6841   2.519e+00  3.090e+00  1.092e+00  3.667e+00  4.573e-01    0.227  0.932  3.902e+00  1.223e+00    0.548  0.876 
 0.39564   4827   4845  6846   2.283e+00  2.308e+00  8.093e-01  3.667e+00  3.863e-01    0.011  0.704  3.354e+00  1.074e+00    0.468  0.812 
 0.39603   4846   4865  6845   2.005e+00  2.002e+00  6.989e-01  3.399e+00  3.707e-01   -0.002  0.650  3.214e+00  1.063e+00    0.602  0.841 
 0.39643   4866   4885  6827   1.586e+00  1.708e+00  5.929e-01  2.547e+00  4.015e-01    0.077  0.634  2.856e+00  1.026e+00    0.801  0.918 
 0.39683   4886   4905  6809   1.131e+00  1.809e+00  6.291e-01  1.891e+00  4.889e-01    0.599  0.564  2.858e+00  1.027e+00    1.526  0.806 
 0.39722   4906   4925  6810   2.212e+00  2.162e+00  7.565e-01  2.134e+00  5.032e-01   -0.023  0.816  3.102e+00  1.069e+00    0.403  0.967 
 0.39762   4926   4944  6857   3.103e+00  2.712e+00  9.548e-01  3.006e+00  4.742e-01   -0.126  0.844  3.535e+00  1.136e+00    0.139  0.878 
 0.39802   4945   4964  6845   2.710e+00  2.853e+00  1.006e+00  3.849e+00  4.257e-01    0.053  0.886  3.584e+00  1.134e+00    0.322  0.858 
 0.39842   4965   4984  6846   2.276e+00  2.410e+00  8.458e-01  4.153e+00  3.672e-01    0.059  0.728  3.245e+00  1.084e+00    0.425  0.826 
 0.39882   4985   5004  6844   2.205e+00  2.335e+00  8.188e-01  4.360e+00  3.488e-01    0.059  0.690  3.328e+00  1.091e+00    0.509  0.809 
 0.39921   5005   5024  6842   2.102e+00  2.188e+00  7.657e-01  4.552e+00  3.246e-01    0.041  0.640  3.222e+00  1.072e+00    0.532  0.788 
 0.39961   5025   5044  6838   1.326e+00  1.876e+00  6.530e-01  4.549e+00  2.920e-01    0.415  0.552  2.911e+00  1.035e+00    1.194  0.776 
 0.40001   5045   5064  6835   2.429e+00  2.335e+00  8.187e-01  4.591e+00  3.372e-01   -0.039  0.646  3.305e+00  1.107e+00    0.360  0.788 
 0.40041   5065   5084  6849   2.011e+00  1.991e+00  6.946e-01  4.626e+00  3.009e-01   -0.010  0.553  2.878e+00  1.030e+00    0.431  0.757 
 0.40081   5085   5104  6855   3.402e+00  3.546e+00  1.256e+00  4.449e+00  4.435e-01    0.042  0.886  4.228e+00  1.273e+00    0.242  0.804 
 0.40121   5105   5124  6860   3.385e+00  3.176e+00  1.122e+00  4.684e+00  4.041e-01   -0.062  0.773  3.850e+00  1.185e+00    0.137  0.750 
 0.40162   5125   5144  6851   2.678e+00  3.060e+00  1.080e+00  4.745e+00  3.921e-01    0.143  0.801  3.731e+00  1.151e+00    0.393  0.766 
 0.40202   5145   5164  6846   2.929e+00  2.854e+00  1.006e+00  4.774e+00  3.742e-01   -0.025  0.733  3.513e+00  1.108e+00    0.199  0.741 
 0.40242   5165   5185  6840   2.361e+00  2.547e+00  8.951e-01  4.790e+00  3.472e-01    0.079  0.697  3.335e+00  1.079e+00    0.412  0.759 
 0.40282   5186   5205  6848   2.696e+00  2.690e+00  9.467e-01  4.809e+00  3.588e-01   -0.002  0.686  3.334e+00  1.083e+00    0.236  0.718 
 0.40322   5206   5225  6823   1.905e+00  2.681e+00  9.434e-01  4.467e+00  3.751e-01    0.407  0.730  3.060e+00  1.048e+00    0.606  0.741 
 0.40363   5226   5245  6820   2.731e+00  2.675e+00  9.411e-01  4.583e+00  3.685e-01   -0.021  0.716  2.896e+00  1.033e+00    0.060  0.731 
 0.40403   5246   5265  6858   3.193e+00  2.724e+00  9.589e-01  4.815e+00  3.613e-01   -0.147  0.654  2.898e+00  1.034e+00   -0.093  0.667 
 0.40444   5266   5285  6857   3.290e+00  3.542e+00  1.254e+00  4.575e+00  4.364e-01    0.077  0.769  3.614e+00  1.122e+00    0.099  0.648 
 0.40484   5286   5306  6859   3.928e+00  3.759e+00  1.332e+00  4.397e+00  4.609e-01   -0.043  0.874  3.948e+00  1.242e+00    0.005  0.757 
 0.40524   5307   5326  6845   3.078e+00  3.480e+00  1.231e+00  4.711e+00  4.249e-01    0.131  0.890  3.799e+00  1.203e+00    0.234  0.785 
 0.40565   5327   5346  6839   2.352e+00  3.020e+00  1.065e+00  4.540e+00  3.995e-01    0.284  0.811  3.432e+00  1.106e+00    0.458  0.759 
 0.40606   5347   5366  6852   3.748e+00  3.722e+00  1.319e+00  4.481e+00  4.537e-01   -0.007  0.890  3.889e+00  1.185e+00    0.037  0.738 
 0.40646   5367   5387  6865   4.125e+00  4.005e+00  1.421e+00  4.251e+00  4.851e-01   -0.029  0.867  4.016e+00  1.192e+00   -0.027  0.674 
 0.40687   5388   5407  6856   3.988e+00  3.717e+00  1.317e+00  4.487e+00  4.531e-01   -0.068  0.832  3.511e+00  1.123e+00   -0.120  0.669 
 0.40727   5408   5427  6849   2.847e+00  3.062e+00  1.080e+00  4.424e+00  4.090e-01    0.075  0.812  2.916e+00  1.037e+00    0.024  0.723 
 0.40768   5428   5448  6859   3.651e+00  3.304e+00  1.168e+00  4.422e+00  4.277e-01   -0.095  0.751  3.288e+00  1.091e+00   -0.100  0.661 
 0.40809   5449   5468  6851   3.742e+00  4.133e+00  1.467e+00  4.562e+00  4.754e-01    0.105  1.020  4.225e+00  1.277e+00    0.129  0.796 
 0.40850   5469   5489  6851   3.060e+00  3.263e+00  1.153e+00  4.687e+00  4.105e-01    0.067  0.853  3.656e+00  1.125e+00    0.194  0.756 
 0.40891   5490   5509  6835   2.537e+00  2.470e+00  8.666e-01  5.034e+00  3.292e-01   -0.026  0.700  3.191e+00  1.063e+00    0.257  0.777 
 0.40932   5510   5529  6844   2.454e+00  2.659e+00  9.348e-01  5.066e+00  3.442e-01    0.084  0.744  3.564e+00  1.107e+00    0.451  0.781 
 0.40972   5530   5550  6837   1.966e+00  2.297e+00  8.039e-01  4.784e+00  3.243e-01    0.168  0.675  3.529e+00  1.098e+00    0.794  0.798 
 0.41013   5551   5570  6823   2.157e+00  2.270e+00  7.875e-01  4.082e+00  3.573e-01    0.052  0.591  3.355e+00  1.084e+00    0.557  0.737 
 0.41054   5571   5591  6822   2.092e+00  2.191e+00  7.658e-01  4.463e+00  3.293e-01    0.047  0.719  3.467e+00  1.136e+00    0.655  0.900 
 0.41095   5592   5612  6849   1.867e+00  2.095e+00  7.310e-01  5.051e+00  2.932e-01    0.122  0.630  3.398e+00  1.114e+00    0.820  0.835 
 0.41137   5613   5632  6838   2.011e+00  2.066e+00  7.206e-01  5.070e+00  2.895e-01    0.027  0.630  3.262e+00  1.092e+00    0.621  0.836 
 0.41178   5633   5653  6844   1.640e+00  1.855e+00  6.444e-01  5.262e+00  2.607e-01    0.131  0.540  2.941e+00  1.042e+00    0.793  0.786 
 0.41219   5654   5673  6843   2.355e+00  2.473e+00  8.673e-01  5.130e+00  3.253e-01    0.050  0.698  3.428e+00  1.119e+00    0.455  0.806 
 0.41260   5674   5694  6848   2.650e+00  2.563e+00  8.998e-01  5.107e+00  3.342e-01   -0.033  0.685  3.367e+00  1.112e+00    0.270  0.774 
 0.41301   5695   5715  6844   2.390e+00  2.527e+00  8.867e-01  4.952e+00  3.379e-01    0.057  0.707  3.252e+00  1.083e+00    0.360  0.785 
 0.41343   5716   5735  6850   2.905e+00  2.609e+00  9.164e-01  4.689e+00  3.575e-01   -0.102  0.695  3.337e+00  1.093e+00    0.148  0.766 
 0.41384   5736   5756  6845   2.718e+00  2.719e+00  9.558e-01  5.218e+00  3.425e-01    0.000  0.719  3.518e+00  1.116e+00    0.293  0.765 
 0.41425   5757   5777  6829   1.705e+00  2.160e+00  7.541e-01  4.902e+00  3.059e-01    0.267  0.648  2.961e+00  1.045e+00    0.736  0.810 
 0.41467   5778   5797  6842   2.577e+00  2.336e+00  8.178e-01  4.879e+00  3.238e-01   -0.093  0.614  3.210e+00  1.093e+00    0.245  0.755 
 0.41508   5798   5818  6828   1.696e+00  2.041e+00  7.112e-01  5.079e+00  2.867e-01    0.203  0.613  2.959e+00  1.045e+00    0.742  0.809 
 0.41550   5819   5839  6852   2.952e+00  2.892e+00  1.018e+00  4.880e+00  3.721e-01   -0.020  0.723  3.660e+00  1.174e+00    0.239  0.771 
 0.41591   5840   5860  6853   3.101e+00  3.328e+00  1.175e+00  4.960e+00  4.015e-01    0.073  0.834  4.039e+00  1.237e+00    0.302  0.791 
 0.41633   5861   5880  6855   3.746e+00  3.941e+00  1.394e+00  5.225e+00  4.300e-01    0.052  0.917  4.424e+00  1.353e+00    0.180  0.806 
 0.41675   5881   5901  6859   4.029e+00  4.067e+00  1.441e+00  5.033e+00  4.470e-01    0.009  0.902  4.479e+00  1.315e+00    0.111  0.757 
 0.41716   5902   5922  6861   3.913e+00  3.710e+00  1.313e+00  4.741e+00  4.390e-01   -0.052  0.823  4.059e+00  1.208e+00    0.037  0.706 
 0.41758   5923   5943  6851   3.374e+00  3.496e+00  1.233e+00  4.532e+00  4.355e-01    0.036  0.862  3.863e+00  1.183e+00    0.145  0.757 
 0.41800   5944   5964  6845   3.221e+00  2.882e+00  1.013e+00  4.876e+00  3.715e-01   -0.105  0.703  3.391e+00  1.105e+00    0.052  0.718 
 0.41842   5965   5985  6842   2.849e+00  3.217e+00  1.134e+00  4.866e+00  3.980e-01    0.129  0.833  3.727e+00  1.157e+00    0.307  0.768 
 0.41883   5986   6006  6841   2.455e+00  2.899e+00  1.018e+00  4.620e+00  3.855e-01    0.181  0.793  3.497e+00  1.104e+00    0.424  0.776 
 0.41925   6007   6027  6839   2.695e+00  2.331e+00  8.147e-01  4.978e+00  3.190e-01   -0.135  0.605  3.126e+00  1.076e+00    0.159  0.744 
 0.41967   6028   6048  6834   1.947e+00  2.266e+00  7.907e-01  4.681e+00  3.262e-01    0.164  0.650  3.084e+00  1.068e+00    0.583  0.803 
 0.42009   6049   6069  6837   2.215e+00  2.550e+00  8.915e-01  4.566e+00  3.584e-01    0.152  0.716  3.298e+00  1.115e+00    0.488  0.810 
 0.42051   6070   6090  6839   2.300e+00  2.328e+00  8.135e-01  4.839e+00  3.248e-01    0.012  0.622  3.214e+00  1.077e+00    0.396  0.752 
 0.42093   6091   6111  6841   2.430e+00  2.511e+00  8.782e-01  5.224e+00  3.246e-01    0.033  0.650  3.343e+00  1.125e+00    0.375  0.761 
 0.42135   6112   6132  6830   2.188e+00  2.183e+00  7.601e-01  4.919e+00  3.074e-01   -0.002  0.581  3.008e+00  1.055e+00    0.374  0.736 
 0.42177   6133   6153  6838   2.414e+00  2.341e+00  8.187e-01  4.709e+00  3.320e-01   -0.031  0.616  3.238e+00  1.101e+00    0.340  0.760 
 0.42220   6154   6174  6833   1.978e+00  2.040e+00  7.096e-01  5.173e+00  2.829e-01    0.032  0.557  2.989e+00  1.052e+00    0.510  0.751 
 0.42262   6175   6195  6841   1.533e+00  2.377e+00  8.302e-01  4.257e+00  3.583e-01    0.550  0.665  3.311e+00  1.121e+00    1.159  0.804 
 0.42304   6196   6216  6847   2.741e+00  1.964e+00  6.826e-01  4.535e+00  3.022e-01   -0.284  0.454  2.991e+00  1.053e+00    0.090  0.660 
 0.42346   6217   6237  6841   1.805e+00  2.293e+00  8.013e-01  4.926e+00  3.176e-01    0.270  0.623  3.274e+00  1.111e+00    0.813  0.783 
 0.42389   6238   6258  6843   1.989e+00  2.040e+00  7.095e-01  4.546e+00  3.098e-01    0.026  0.564  2.992e+00  1.054e+00    0.503  0.765 
 0.42431   6259   6280  6837   2.105e+00  2.043e+00  7.103e-01  4.944e+00  2.924e-01   -0.029  0.539  2.993e+00  1.054e+00    0.420  0.739 
 0.42474   6281   6301  6844   2.644e+00  2.943e+00  1.036e+00  4.892e+00  3.757e-01    0.113  0.761  3.696e+00  1.157e+00    0.397  0.777 
 0.42516   6302   6322  6849   2.816e+00  2.861e+00  1.006e+00  4.625e+00  3.822e-01    0.016  0.733  3.471e+00  1.121e+00    0.232  0.760 
 0.42559   6323   6343  6848   2.590e+00  2.612e+00  9.159e-01  4.855e+00  3.498e-01    0.009  0.676  3.139e+00  1.070e+00    0.211  0.744 
 0.42601   6344   6365  6851   2.291e+00  2.613e+00  9.160e-01  4.447e+00  3.701e-01    0.140  0.700  2.995e+00  1.056e+00    0.307  0.757 
 0.42644   6366   6386  6849   2.984e+00  2.632e+00  9.235e-01  4.766e+00  3.558e-01   -0.118  0.618  2.996e+00  1.057e+00    0.003  0.675 
 0.42686   6387   6407  6848   2.590e+00  2.651e+00  9.300e-01  4.897e+00  3.512e-01    0.023  0.677  2.997e+00  1.057e+00    0.156  0.726 
 0.42729   6408   6429  6841   2.255e+00  2.787e+00  9.791e-01  4.214e+00  3.981e-01    0.236  0.763  3.108e+00  1.071e+00    0.378  0.779 
 0.42772   6430   6450  6840   3.031e+00  2.580e+00  9.043e-01  4.684e+00  3.552e-01   -0.149  0.611  3.031e+00  1.061e+00   -0.001  0.689 
 0.42815   6451   6471  6843   2.479e+00  2.646e+00  9.279e-01  4.726e+00  3.589e-01    0.067  0.686  3.110e+00  1.068e+00    0.254  0.743 
 0.42857   6472   6493  6837   2.614e+00  2.968e+00  1.044e+00  4.639e+00  3.902e-01    0.135  0.749  3.378e+00  1.112e+00    0.292  0.746 
 0.42900   6494   6514  6843   2.221e+00  2.546e+00  8.923e-01  4.189e+00  3.781e-01    0.147  0.738  3.140e+00  1.079e+00    0.413  0.825 
 0.42943   6515   6536  6845   2.916e+00  2.340e+00  8.179e-01  4.358e+00  3.494e-01   -0.197  0.604  3.003e+00  1.061e+00    0.029  0.745 
 0.42986   6537   6557  6848   2.210e+00  2.780e+00  9.764e-01  4.064e+00  4.062e-01    0.258  0.759  3.323e+00  1.109e+00    0.503  0.796 
 0.43029   6558   6579  6845   2.353e+00  2.751e+00  9.657e-01  3.545e+00  4.369e-01    0.169  0.814  3.211e+00  1.099e+00    0.364  0.850 
 0.43072   6580   6600  6853   2.672e+00  2.642e+00  9.265e-01  3.488e+00  4.309e-01   -0.011  0.735  3.003e+00  1.062e+00    0.124  0.791 
 0.43115   6601   6622  6852   3.267e+00  3.016e+00  1.062e+00  3.260e+00  4.806e-01   -0.077  0.802  3.334e+00  1.104e+00    0.020  0.781 
 0.43158   6623   6643  6853   3.969e+00  3.461e+00  1.222e+00  4.560e+00  4.315e-01   -0.128  0.774  3.830e+00  1.197e+00   -0.035  0.717 
 0.43201   6644   6665  6847   2.546e+00  3.034e+00  1.068e+00  5.702e+00  3.473e-01    0.192  0.785  3.471e+00  1.127e+00    0.363  0.773 
 0.43245   6666   6687  6850   1.728e+00  2.432e+00  8.507e-01  4.535e+00  3.491e-01    0.407  0.671  3.090e+00  1.071e+00    0.787  0.786 
 0.43288   6688   6708  6850   2.651e+00  2.130e+00  7.410e-01  4.725e+00  3.107e-01   -0.197  0.537  3.008e+00  1.064e+00    0.134  0.728 
 0.43331   6709   6730  6840   2.006e+00  2.212e+00  7.713e-01  5.501e+00  2.868e-01    0.103  0.631  3.007e+00  1.064e+00    0.498  0.810 
 0.43374   6731   6752  6837   1.739e+00  2.346e+00  8.194e-01  4.884e+00  3.245e-01    0.350  0.690  3.013e+00  1.068e+00    0.733  0.830 
 0.43418   6753   6773  6796   2.844e+00  2.851e+00  9.908e-01  3.925e+00  4.208e-01    0.002  0.678  3.331e+00  1.269e+00    0.172  0.802 
 0.43461   6774   6795  6834   2.366e+00  2.391e+00  8.355e-01  4.818e+00  3.316e-01    0.010  0.695  3.009e+00  1.066e+00    0.270  0.825 
 0.43505   6796   6817  6845   2.405e+00  2.479e+00  8.673e-01  4.836e+00  3.388e-01    0.031  0.717  3.010e+00  1.066e+00    0.251  0.827 
 0.43548   6818   6839  6842   2.346e+00  2.416e+00  8.444e-01  4.874e+00  3.314e-01    0.030  0.679  3.011e+00  1.067e+00    0.283  0.800 
 0.43592   6840   6860  6830   2.327e+00  2.277e+00  7.944e-01  5.484e+00  2.934e-01   -0.021  0.605  3.011e+00  1.067e+00    0.293  0.768 
 0.43635   6861   6882  6842   2.193e+00  2.208e+00  7.694e-01  5.597e+00  2.829e-01    0.007  0.582  3.012e+00  1.068e+00    0.373  0.763 
 0.43679   6883   6904  6843   2.337e+00  2.778e+00  1.188e+00  5.399e+00  3.397e-01    0.189  0.902  3.314e+00  1.258e+00    0.417  0.844 
 0.43723   6905   6926  6842   2.047e+00  2.292e+00  7.998e-01  5.027e+00  3.132e-01    0.120  0.634  3.013e+00  1.069e+00    0.471  0.787 
 0.43766   6927   6948  6844   2.900e+00  2.249e+00  7.841e-01  4.820e+00  3.182e-01   -0.224  0.568  3.014e+00  1.069e+00    0.039  0.746 
 0.43810   6949   6970  6844   2.264e+00  2.421e+00  8.460e-01  5.082e+00  3.226e-01    0.069  0.665  3.094e+00  1.081e+00    0.365  0.795 
 0.43854   6971   6991  6849   2.270e+00  2.449e+00  8.558e-01  4.284e+00  3.637e-01    0.079  0.697  3.164e+00  1.087e+00    0.393  0.833 
 0.43898   6992   7013  6842   1.845e+00  2.263e+00  7.891e-01  5.139e+00  3.058e-01    0.226  0.650  3.100e+00  1.079e+00    0.679  0.829 
 0.43942   7014   7035  6852   2.144e+00  2.266e+00  7.898e-01  5.227e+00  3.024e-01    0.057  0.613  3.018e+00  1.071e+00    0.407  0.788 
 0.43986   7036   7057  6835   2.424e+00  2.398e+00  8.377e-01  5.211e+00  3.152e-01   -0.011  0.644  3.106e+00  1.081e+00    0.280  0.785 
 0.44030   7058   7079  6850   2.948e+00  3.100e+00  1.091e+00  5.051e+00  3.804e-01    0.052  0.773  3.680e+00  1.176e+00    0.248  0.786 
 0.44074   7080   7101  6864   4.255e+00  4.263e+00  1.496e+00  4.963e+00  4.621e-01    0.002  0.912  4.466e+00  1.281e+00    0.049  0.732 
 0.44118   7102   7123  6854   3.786e+00  3.802e+00  1.323e+00  5.578e+00  4.053e-01    0.004  0.847  3.911e+00  1.254e+00    0.033  0.760 
 0.44162   7124   7145  6856   3.380e+00  3.423e+00  1.204e+00  5.297e+00  3.925e-01    0.013  0.794  3.608e+00  1.177e+00    0.067  0.740 
 0.44206   7146   7168  6853   3.406e+00  3.570e+00  1.227e+00  5.916e+00  3.763e-01    0.048  0.813  3.365e+00  1.143e+00   -0.013  0.724 
 0.44250   7169   7190  6854   3.248e+00  3.228e+00  1.126e+00  5.695e+00  3.618e-01   -0.006  0.751  3.221e+00  1.104e+00   -0.009  0.707 
 0.44295   7191   7212  6847   3.021e+00  3.005e+00  1.047e+00  5.590e+00  3.496e-01   -0.005  0.725  3.020e+00  1.074e+00   -0.001  0.716 
 0.44339   7213   7234  6841   2.688e+00  3.191e+00  1.105e+00  5.497e+00  3.673e-01    0.187  0.791  3.211e+00  1.099e+00    0.194  0.750 
 0.44383   7235   7256  6850   3.438e+00  2.796e+00  9.703e-01  5.733e+00  3.278e-01   -0.187  0.615  3.077e+00  1.083e+00   -0.105  0.666 
 0.44428   7257   7278  6848   2.275e+00  2.672e+00  9.238e-01  5.697e+00  3.193e-01    0.174  0.672  3.032e+00  1.077e+00    0.332  0.745 
 0.44472   7279   7301  6847   2.930e+00  3.098e+00  1.057e+00  5.875e+00  3.453e-01    0.058  0.722  3.389e+00  1.128e+00    0.156  0.735 
 0.44516   7302   7323  6841   2.546e+00  2.289e+00  7.973e-01  5.770e+00  2.840e-01   -0.101  0.559  3.023e+00  1.077e+00    0.187  0.724 
 0.44561   7324   7345  6849   2.246e+00  2.622e+00  9.057e-01  5.272e+00  3.322e-01    0.167  0.668  3.231e+00  1.104e+00    0.438  0.769 
 0.44606   7346   7367  6845   2.228e+00  2.558e+00  8.665e-01  5.216e+00  3.290e-01    0.148  0.645  3.134e+00  1.097e+00    0.406  0.770 
 0.44650   7368   7390  6842   2.462e+00  2.209e+00  7.681e-01  5.601e+00  2.828e-01   -0.103  0.542  3.150e+00  1.101e+00    0.278  0.738 
 0.44695   7391   7412  6842   2.044e+00  2.219e+00  7.721e-01  5.681e+00  2.809e-01    0.086  0.560  3.120e+00  1.094e+00    0.525  0.747 
 0.44739   7413   7434  6840   2.474e+00  2.496e+00  8.658e-01  5.944e+00  2.957e-01    0.009  0.587  3.212e+00  1.106e+00    0.297  0.715 
 0.44784   7435   7457  6843   2.044e+00  2.359e+00  8.103e-01  6.016e+00  2.817e-01    0.154  0.583  3.028e+00  1.080e+00    0.480  0.736 
 0.44829   7458   7479  6845   2.426e+00  2.298e+00  8.007e-01  5.654e+00  2.890e-01   -0.053  0.570  3.108e+00  1.091e+00    0.280  0.747 
 0.44874   7480   7502  6843   2.223e+00  2.337e+00  8.146e-01  5.987e+00  2.808e-01    0.051  0.574  3.083e+00  1.088e+00    0.386  0.729 
 0.44919   7503   7524  6844   2.406e+00  2.412e+00  8.371e-01  5.862e+00  2.915e-01    0.003  0.584  3.031e+00  1.082e+00    0.259  0.726 
 0.44964   7525   7547  6844   2.372e+00  2.477e+00  8.583e-01  5.840e+00  2.978e-01    0.044  0.595  3.031e+00  1.082e+00    0.277  0.723 
 0.45009   7548   7569  6839   2.227e+00  2.419e+00  8.442e-01  5.992e+00  2.876e-01    0.086  0.592  3.033e+00  1.083e+00    0.361  0.727 
 0.45054   7570   7592  6841   2.531e+00  2.420e+00  8.443e-01  6.230e+00  2.797e-01   -0.044  0.562  3.109e+00  1.096e+00    0.227  0.702 
 0.45099   7593   7614  6843   2.330e+00  2.426e+00  8.453e-01  6.291e+00  2.783e-01    0.041  0.567  3.097e+00  1.094e+00    0.328  0.705 
 0.45144   7615   7637  6848   2.230e+00  2.589e+00  9.011e-01  6.191e+00  2.949e-01    0.161  0.612  3.051e+00  1.088e+00    0.367  0.711 
 0.45189   7638   7659  6843   2.488e+00  2.656e+00  9.293e-01  6.022e+00  3.061e-01    0.068  0.618  3.057e+00  1.090e+00    0.228  0.701 
 0.45234   7660   7682  6844   2.840e+00  2.890e+00  1.014e+00  5.999e+00  3.251e-01    0.018  0.659  3.063e+00  1.091e+00    0.078  0.690 
 0.45279   7683   7704  6852   3.038e+00  3.193e+00  1.123e+00  5.549e+00  3.652e-01    0.051  0.727  3.143e+00  1.099e+00    0.034  0.689 
 0.45325   7705   7727  6854   3.765e+00  3.330e+00  1.172e+00  5.445e+00  3.795e-01   -0.116  0.716  3.273e+00  1.117e+00   -0.131  0.665 
 0.45370   7728   7750  6849   3.651e+00  3.822e+00  1.348e+00  5.701e+00  4.013e-01    0.047  0.839  3.702e+00  1.164e+00    0.014  0.699 
 0.45415   7751   7772  6852   3.102e+00  3.587e+00  1.264e+00  6.085e+00  3.708e-01    0.156  0.807  3.552e+00  1.160e+00    0.145  0.716 
 0.45461   7773   7795  6860   3.534e+00  3.080e+00  1.082e+00  5.841e+00  3.452e-01   -0.128  0.655  3.238e+00  1.114e+00   -0.084  0.658 
 0.45506   7796   7818  6855   2.869e+00  3.098e+00  1.088e+00  5.815e+00  3.476e-01    0.080  0.711  3.188e+00  1.121e+00    0.110  0.710 
 0.45552   7819   7841  6849   2.850e+00  3.334e+00  1.174e+00  5.840e+00  3.634e-01    0.170  0.766  3.568e+00  1.198e+00    0.251  0.751 
 0.45597   7842   7863  6848   3.129e+00  2.745e+00  9.604e-01  5.968e+00  3.150e-01   -0.123  0.599  3.110e+00  1.105e+00   -0.007  0.674 
 0.45643   7864   7886  6849   2.396e+00  2.802e+00  9.805e-01  6.100e+00  3.148e-01    0.169  0.659  3.221e+00  1.114e+00    0.344  0.725 
 0.45688   7887   7909  6842   2.795e+00  2.715e+00  9.499e-01  6.080e+00  3.087e-01   -0.029  0.607  3.227e+00  1.121e+00    0.154  0.695 
 0.45734   7910   7932  6841   2.329e+00  2.537e+00  8.855e-01  6.117e+00  2.931e-01    0.089  0.601  3.127e+00  1.110e+00    0.341  0.728 
 0.45780   7933   7955  6849   2.899e+00  2.861e+00  1.002e+00  6.206e+00  3.155e-01   -0.013  0.649  3.434e+00  1.148e+00    0.184  0.723 
 0.45826   7956   7978  6853   3.045e+00  3.195e+00  1.123e+00  5.703e+00  3.591e-01    0.049  0.717  3.771e+00  1.201e+00    0.238  0.736 
 0.45871   7979   8001  6854   2.982e+00  2.965e+00  1.040e+00  5.917e+00  3.338e-01   -0.006  0.662  3.592e+00  1.172e+00    0.204  0.724 
 0.45917   8002   8024  6846   2.438e+00  2.574e+00  8.972e-01  6.071e+00  2.978e-01    0.056  0.605  3.259e+00  1.135e+00    0.336  0.745 
 0.45963   8025   8047  6847   2.318e+00  2.438e+00  8.494e-01  5.963e+00  2.902e-01    0.052  0.583  3.155e+00  1.118e+00    0.360  0.743 
 0.46009   8048   8070  6850   2.266e+00  2.425e+00  8.444e-01  5.909e+00  2.909e-01    0.070  0.575  3.161e+00  1.119e+00    0.394  0.736 
 0.46055   8071   8093  6846   2.362e+00  2.395e+00  8.338e-01  5.951e+00  2.870e-01    0.014  0.567  3.167e+00  1.121e+00    0.339  0.740 
 0.46101   8094   8116  6845   2.526e+00  2.378e+00  8.276e-01  6.296e+00  2.742e-01   -0.058  0.542  3.172e+00  1.123e+00    0.255  0.719 
 0.46147   8117   8139  6848   2.240e+00  2.394e+00  8.330e-01  6.184e+00  2.790e-01    0.069  0.560  3.178e+00  1.124e+00    0.418  0.733 
 0.46194   8140   8162  6842   2.398e+00  2.333e+00  8.109e-01  6.072e+00  2.776e-01   -0.027  0.541  3.184e+00  1.126e+00    0.326  0.729 
 0.46240   8163   8185  6846   2.226e+00  2.322e+00  8.064e-01  6.308e+00  2.690e-01    0.043  0.546  3.190e+00  1.128e+00    0.432  0.742 
 0.46286   8186   8208  6842   2.251e+00  2.460e+00  8.432e-01  6.208e+00  2.838e-01    0.093  0.575  3.196e+00  1.130e+00    0.418  0.744 
 0.46332   8209   8231  6842   2.321e+00  2.256e+00  7.801e-01  6.150e+00  2.684e-01   -0.028  0.525  3.203e+00  1.131e+00    0.379  0.737 
 0.46379   8232   8254  6845   2.169e+00  2.122e+00  7.342e-01  5.891e+00  2.648e-01   -0.022  0.504  3.209e+00  1.133e+00    0.478  0.751 
 0.46425   8255   8278  6841   2.151e+00  2.267e+00  7.701e-01  6.187e+00  2.682e-01    0.054  0.528  3.215e+00  1.135e+00    0.493  0.756 
 0.46471   8279   8301  6843   1.743e+00  2.260e+00  7.793e-01  5.973e+00  2.745e-01    0.297  0.556  3.222e+00  1.137e+00    0.848  0.782 
 0.46518   8302   8324  6841   2.582e+00  2.401e+00  8.423e-01  5.789e+00  2.932e-01   -0.070  0.548  3.228e+00  1.139e+00    0.248  0.723 
 0.46564   8325   8347  6847   2.806e+00  2.650e+00  9.974e-01  5.875e+00  3.109e-01   -0.055  0.661  3.235e+00  1.141e+00    0.152  0.730 
 0.46611   8348   8371  6847   3.176e+00  3.151e+00  1.092e+00  6.151e+00  3.388e-01   -0.008  0.685  3.723e+00  1.206e+00    0.172  0.735 
 0.46658   8372   8394  6855   2.400e+00  2.708e+00  9.397e-01  5.827e+00  3.173e-01    0.128  0.638  3.387e+00  1.157e+00    0.411  0.763 
 0.46704   8395   8417  6850   2.999e+00  3.055e+00  1.055e+00  5.664e+00  3.504e-01    0.019  0.687  3.836e+00  1.215e+00    0.278  0.764 
 0.46751   8418   8441  6850   2.970e+00  2.875e+00  1.004e+00  6.034e+00  3.227e-01   -0.032  0.644  3.813e+00  1.228e+00    0.283  0.760 
 0.46798   8442   8464  6846   2.598e+00  3.045e+00  1.062e+00  5.977e+00  3.375e-01    0.172  0.702  3.729e+00  1.222e+00    0.434  0.778 
 0.46844   8465   8487  6843   3.016e+00  2.764e+00  9.551e-01  5.877e+00  3.199e-01   -0.084  0.599  3.304e+00  1.158e+00    0.095  0.716 
 0.46891   8488   8511  6850   2.656e+00  2.646e+00  9.185e-01  5.943e+00  3.080e-01   -0.004  0.597  3.274e+00  1.152e+00    0.232  0.732 
 0.46938   8512   8534  6848   2.553e+00  2.558e+00  8.905e-01  6.099e+00  2.955e-01    0.002  0.578  3.279e+00  1.153e+00    0.284  0.731 
 0.46985   8535   8558  6822   2.255e+00  2.563e+00  8.907e-01  6.008e+00  2.990e-01    0.137  0.606  3.285e+00  1.155e+00    0.456  0.760 
 0.47032   8559   8581  6854   2.410e+00  2.597e+00  9.005e-01  5.740e+00  3.115e-01    0.078  0.604  3.290e+00  1.156e+00    0.365  0.757 
 0.47079   8582   8605  6848   2.661e+00  2.511e+00  8.736e-01  5.713e+00  3.054e-01   -0.056  0.580  3.299e+00  1.158e+00    0.239  0.754 
 0.47126   8606   8628  6850   2.579e+00  2.680e+00  9.344e-01  5.999e+00  3.088e-01    0.039  0.623  3.427e+00  1.176e+00    0.328  0.762 
 0.47173   8629   8652  6851   2.553e+00  2.630e+00  9.152e-01  6.123e+00  3.005e-01    0.030  0.601  3.407e+00  1.175e+00    0.333  0.750 
 0.47221   8653   8676  6846   2.441e+00  2.468e+00  8.557e-01  6.243e+00  2.834e-01    0.011  0.558  3.347e+00  1.167e+00    0.370  0.739 
 0.47268   8677   8699  6847   2.260e+00  2.378e+00  8.252e-01  6.208e+00  2.770e-01    0.052  0.542  3.318e+00  1.164e+00    0.467  0.741 
 0.47315   8700   8723  6851   2.251e+00  2.338e+00  8.107e-01  6.023e+00  2.797e-01    0.039  0.541  3.323e+00  1.166e+00    0.475  0.755 
 0.47362   8724   8747  6852   2.278e+00  2.310e+00  8.004e-01  6.124e+00  2.739e-01    0.014  0.526  3.328e+00  1.167e+00    0.460  0.750 
 0.47410   8748   8770  6850   2.237e+00  2.334e+00  8.072e-01  6.197e+00  2.736e-01    0.043  0.537  3.333e+00  1.168e+00    0.489  0.756 
 0.47457   8771   8794  6851   2.291e+00  2.229e+00  7.711e-01  6.262e+00  2.626e-01   -0.027  0.504  3.337e+00  1.169e+00    0.456  0.743 
 0.47505   8795   8818  6852   2.052e+00  2.179e+00  7.529e-01  6.320e+00  2.564e-01    0.062  0.500  3.341e+00  1.170e+00    0.627  0.753 
 0.47552   8819   8841  6854   1.953e+00  2.136e+00  7.375e-01  6.229e+00  2.554e-01    0.094  0.490  3.345e+00  1.171e+00    0.712  0.752 
 0.47600   8842   8865  6848   2.150e+00  2.121e+00  7.317e-01  6.214e+00  2.545e-01   -0.014  0.491  3.348e+00  1.172e+00    0.556  0.764 
 0.47647   8866   8889  6850   1.934e+00  2.164e+00  7.462e-01  6.020e+00  2.645e-01    0.119  0.516  3.352e+00  1.173e+00    0.732  0.786 
 0.47695   8890   8913  6852   2.225e+00  2.176e+00  7.545e-01  6.076e+00  2.637e-01   -0.022  0.503  3.356e+00  1.174e+00    0.507  0.758 
 0.47743   8914   8937  6853   2.344e+00  2.446e+00  9.768e-01  6.339e+00  2.784e-01    0.044  0.649  3.362e+00  1.176e+00    0.434  0.742 
 0.47790   8938   8961  6849   2.128e+00  2.139e+00  7.378e-01  6.472e+00  2.484e-01    0.005  0.488  3.369e+00  1.178e+00    0.582  0.753 
 0.47838   8962   8985  6853   1.963e+00  2.198e+00  7.593e-01  6.432e+00  2.547e-01    0.120  0.509  3.376e+00  1.180e+00    0.719  0.762 
 0.47886   8986   9008  6855   2.085e+00  2.222e+00  7.674e-01  6.203e+00  2.638e-01    0.066  0.511  3.383e+00  1.182e+00    0.622  0.762 
 0.47934   9009   9032  6855   2.463e+00  2.297e+00  7.941e-01  6.318e+00  2.666e-01   -0.067  0.510  3.390e+00  1.184e+00    0.376  0.742 
 0.47982   9033   9056  6852   2.133e+00  2.363e+00  8.185e-01  6.502e+00  2.666e-01    0.108  0.536  3.398e+00  1.186e+00    0.592  0.754 
 0.48030   9057   9080  6858   2.493e+00  2.470e+00  9.081e-01  6.378e+00  2.792e-01   -0.009  0.579  3.401e+00  1.187e+00    0.364  0.737 
 0.48078   9081   9104  6857   2.238e+00  2.496e+00  8.664e-01  6.409e+00  2.803e-01    0.115  0.558  3.403e+00  1.187e+00    0.519  0.739 
 0.48126   9105   9128  6857   2.551e+00  2.793e+00  9.732e-01  6.348e+00  3.055e-01    0.095  0.611  3.589e+00  1.209e+00    0.407  0.735 
 0.48174   9129   9153  6856   3.301e+00  2.920e+00  1.018e+00  6.471e+00  3.110e-01   -0.115  0.601  3.549e+00  1.208e+00    0.075  0.701 
 0.48222   9154   9177  6860   3.362e+00  3.635e+00  1.276e+00  6.416e+00  3.616e-01    0.081  0.751  4.012e+00  1.290e+00    0.193  0.733 
 0.48270   9178   9201  6860   3.331e+00  3.696e+00  1.299e+00  6.395e+00  3.663e-01    0.110  0.774  3.879e+00  1.266e+00    0.164  0.729 
 0.48319   9202   9225  6862   3.483e+00  3.262e+00  1.142e+00  6.312e+00  3.407e-01   -0.064  0.667  3.432e+00  1.190e+00   -0.015  0.682 
 0.48367   9226   9249  6859   3.466e+00  3.260e+00  1.141e+00  6.345e+00  3.394e-01   -0.060  0.669  3.408e+00  1.186e+00   -0.017  0.682 
 0.48415   9250   9273  6861   3.382e+00  3.478e+00  1.220e+00  6.116e+00  3.625e-01    0.028  0.726  3.678e+00  1.237e+00    0.087  0.719 
 0.48464   9274   9297  6859   3.116e+00  3.236e+00  1.132e+00  6.335e+00  3.381e-01    0.039  0.687  3.655e+00  1.214e+00    0.173  0.722 
 0.48512   9298   9322  6857   2.722e+00  2.805e+00  9.760e-01  6.236e+00  3.103e-01    0.031  0.625  3.411e+00  1.185e+00    0.253  0.738 
 0.48561   9323   9346  6842   2.301e+00  2.949e+00  1.029e+00  5.868e+00  3.345e-01    0.282  0.690  3.411e+00  1.184e+00    0.482  0.769 
 0.48609   9347   9370  6798   3.866e+00  4.000e+00  1.382e+00  4.858e+00  4.516e-01    0.035  0.591  3.687e+00  1.348e+00   -0.046  0.553 
 0.48658   9371   9395  6794   2.915e+00  2.949e+00  1.029e+00  5.156e+00  3.639e-01    0.012  0.692  3.412e+00  1.184e+00    0.169  0.775 
 0.48707   9396   9419  6858   2.525e+00  3.004e+00  1.048e+00  5.674e+00  3.462e-01    0.190  0.708  3.412e+00  1.183e+00    0.351  0.779 
 0.48755   9420   9443  6852   2.731e+00  2.844e+00  9.902e-01  5.734e+00  3.315e-01    0.041  0.664  3.412e+00  1.183e+00    0.249  0.772 
 0.48804   9444   9468  6855   2.975e+00  2.898e+00  1.009e+00  6.139e+00  3.207e-01   -0.026  0.639  3.544e+00  1.199e+00    0.191  0.743 
 0.48853   9469   9492  6858   2.723e+00  2.907e+00  1.012e+00  6.177e+00  3.200e-01    0.068  0.636  3.509e+00  1.193e+00    0.289  0.735 
 0.48902   9493   9517  6856   2.966e+00  3.139e+00  1.057e+00  5.783e+00  3.518e-01    0.058  0.676  3.411e+00  1.181e+00    0.150  0.741 
 0.48951   9518   9541  6850   3.141e+00  2.721e+00  9.361e-01  6.041e+00  3.105e-01   -0.134  0.580  3.411e+00  1.180e+00    0.085  0.719 
 0.49000   9542   9566  6858   2.399e+00  2.537e+00  8.783e-01  6.528e+00  2.799e-01    0.058  0.558  3.410e+00  1.179e+00    0.421  0.738 
 0.49049   9567   9590  6856   2.681e+00  2.947e+00  9.731e-01  6.406e+00  3.151e-01    0.099  0.626  3.795e+00  1.238e+00    0.415  0.781 
 0.49098   9591   9615  6854   2.268e+00  2.454e+00  8.332e-01  6.220e+00  2.829e-01    0.082  0.545  3.515e+00  1.186e+00    0.549  0.760 
 0.49147   9616   9639  6853   2.641e+00  2.332e+00  8.039e-01  6.231e+00  2.724e-01   -0.117  0.505  3.410e+00  1.177e+00    0.290  0.730 
 0.49196   9640   9664  6850   1.982e+00  2.543e+00  8.631e-01  5.829e+00  3.037e-01    0.283  0.583  3.594e+00  1.198e+00    0.813  0.789 
 0.49245   9665   9688  6857   2.880e+00  2.739e+00  9.066e-01  5.875e+00  3.180e-01   -0.049  0.584  3.409e+00  1.176e+00    0.183  0.744 
 0.49294   9689   9713  6848   2.620e+00  2.428e+00  8.276e-01  6.287e+00  2.786e-01   -0.073  0.528  3.581e+00  1.196e+00    0.366  0.751 
 0.49344   9714   9738  6856   2.299e+00  2.449e+00  8.372e-01  6.260e+00  2.812e-01    0.065  0.542  3.578e+00  1.196e+00    0.556  0.759 
 0.49393   9739   9762  6853   2.580e+00  2.803e+00  9.192e-01  6.132e+00  3.137e-01    0.087  0.599  4.032e+00  1.292e+00    0.562  0.826 
 0.49442   9763   9787  6858   2.248e+00  2.332e+00  8.043e-01  6.495e+00  2.642e-01    0.037  0.513  3.409e+00  1.174e+00    0.515  0.737 
 0.49492   9788   9812  6856   2.568e+00  2.576e+00  8.732e-01  6.478e+00  2.845e-01    0.003  0.545  3.540e+00  1.184e+00    0.378  0.730 
 0.49541   9813   9836  6848   2.717e+00  2.857e+00  9.475e-01  6.431e+00  3.076e-01    0.052  0.601  3.916e+00  1.263e+00    0.440  0.789 
 0.49591   9837   9861  6817   2.199e+00  2.529e+00  8.730e-01  6.093e+00  2.933e-01    0.150  0.556  3.407e+00  1.172e+00    0.550  0.732 
 0.49640   9862   9886  6831   2.405e+00  2.745e+00  9.483e-01  6.580e+00  2.943e-01    0.141  0.591  3.568e+00  1.190e+00    0.483  0.727 
 0.49690   9887   9911  6850   3.242e+00  3.243e+00  1.354e+00  6.253e+00  3.415e-01    0.000  0.841  3.471e+00  1.179e+00    0.070  0.667 
 0.49740   9912   9936  6854   2.601e+00  2.657e+00  9.102e-01  6.597e+00  2.871e-01    0.021  0.574  3.481e+00  1.176e+00    0.338  0.735 
 0.49789   9937   9961  6856   2.474e+00  2.558e+00  8.851e-01  6.395e+00  2.857e-01    0.034  0.564  3.490e+00  1.177e+00    0.410  0.741 
 0.49839   9962   9986  6856   2.195e+00  2.477e+00  8.557e-01  5.767e+00  3.005e-01    0.128  0.572  3.403e+00  1.167e+00    0.550  0.769 
 0.49889   9987  10010  6855   2.735e+00  2.589e+00  8.899e-01  6.241e+00  2.932e-01   -0.053  0.562  3.402e+00  1.166e+00    0.243  0.730 
 0.49939  10011  10035  6859   2.821e+00  3.033e+00  1.045e+00  6.370e+00  3.226e-01    0.075  0.653  3.548e+00  1.176e+00    0.258  0.724 
 0.49989  10036  10060  6860   2.463e+00  3.108e+00  1.082e+00  6.281e+00  3.310e-01    0.262  0.695  3.412e+00  1.165e+00    0.385  0.734 
 0.50039  10061  10085  6831   2.890e+00  3.273e+00  1.142e+00  5.722e+00  3.638e-01    0.132  0.715  3.462e+00  1.168e+00    0.198  0.721 
 0.50089  10086  10110  6784   3.182e+00  3.274e+00  1.141e+00  5.801e+00  3.607e-01    0.029  0.674  3.396e+00  1.162e+00    0.068  0.682 
 0.50139  10111  10136  6833   2.581e+00  3.215e+00  1.115e+00  5.739e+00  3.590e-01    0.246  0.722  3.394e+00  1.161e+00    0.315  0.741 
 0.50189  10137  10161  6856   2.831e+00  3.024e+00  1.146e+00  5.690e+00  3.470e-01    0.068  0.736  3.392e+00  1.160e+00    0.198  0.727 
 0.50239  10162  10186  6852   2.685e+00  2.746e+00  9.515e-01  5.753e+00  3.231e-01    0.023  0.617  3.391e+00  1.159e+00    0.263  0.743 
 0.50290  10187  10211  6857   2.548e+00  2.679e+00  9.273e-01  5.872e+00  3.133e-01    0.052  0.602  3.389e+00  1.157e+00    0.330  0.742 
 0.50340  10212  10236  6856   2.488e+00  2.587e+00  8.938e-01  6.105e+00  2.976e-01    0.040  0.573  3.385e+00  1.156e+00    0.360  0.732 
 0.50390  10237  10261  6857   2.330e+00  2.565e+00  8.820e-01  5.786e+00  3.072e-01    0.101  0.576  3.383e+00  1.154e+00    0.452  0.745 
 0.50441  10262  10286  6857   2.748e+00  2.450e+00  8.422e-01  5.753e+00  2.987e-01   -0.108  0.530  3.384e+00  1.154e+00    0.231  0.723 
 0.50491  10287  10312  6856   2.225e+00  2.444e+00  8.416e-01  6.045e+00  2.879e-01    0.099  0.556  3.387e+00  1.154e+00    0.521  0.751 
 0.50542  10313  10337  6858   2.405e+00  2.448e+00  8.429e-01  5.998e+00  2.899e-01    0.018  0.552  3.386e+00  1.154e+00    0.407  0.746 
 0.50592  10338  10362  6857   2.482e+00  2.479e+00  8.539e-01  6.366e+00  2.803e-01   -0.001  0.529  3.384e+00  1.152e+00    0.363  0.706 
 0.50643  10363  10387  6854   2.282e+00  2.499e+00  8.596e-01  6.270e+00  2.849e-01    0.095  0.539  3.386e+00  1.153e+00    0.484  0.712 
 0.50693  10388  10413  6857   2.670e+00  2.482e+00  8.521e-01  5.994e+00  2.928e-01   -0.071  0.531  3.385e+00  1.152e+00    0.267  0.711 
 0.50744  10414  10438  6851   2.240e+00  2.465e+00  8.478e-01  6.069e+00  2.888e-01    0.100  0.546  3.385e+00  1.151e+00    0.511  0.729 
 0.50795  10439  10464  6856   2.328e+00  2.611e+00  9.003e-01  5.871e+00  3.078e-01    0.122  0.584  3.448e+00  1.156e+00    0.481  0.739 
 0.50846  10465  10489  6853   2.781e+00  2.534e+00  8.723e-01  5.756e+00  3.057e-01   -0.089  0.563  3.387e+00  1.151e+00    0.218  0.741 
 0.50896  10490  10514  6856   2.541e+00  2.561e+00  8.813e-01  6.150e+00  2.940e-01    0.008  0.560  3.454e+00  1.156e+00    0.359  0.729 
 0.50947  10515  10540  6855   2.337e+00  2.523e+00  8.673e-01  6.321e+00  2.853e-01    0.080  0.554  3.389e+00  1.150e+00    0.450  0.725 
 0.50998  10541  10565  6858   2.384e+00  2.466e+00  8.427e-01  5.877e+00  2.956e-01    0.034  0.547  3.392e+00  1.150e+00    0.422  0.737 
 0.51049  10566  10591  6860   2.435e+00  2.438e+00  8.363e-01  6.054e+00  2.871e-01    0.001  0.532  3.404e+00  1.153e+00    0.398  0.726 
 0.51100  10592  10616  6862   2.356e+00  2.483e+00  8.524e-01  5.943e+00  2.947e-01    0.054  0.545  3.418e+00  1.157e+00    0.450  0.731 
 0.51151  10617  10642  6852   2.350e+00  2.374e+00  8.129e-01  6.253e+00  2.752e-01    0.010  0.513  3.432e+00  1.160e+00    0.460  0.723 
 0.51203  10643  10668  6860   2.269e+00  2.447e+00  8.387e-01  6.354e+00  2.780e-01    0.078  0.526  3.446e+00  1.163e+00    0.518  0.718 
 0.51254  10669  10693  6859   2.274e+00  2.612e+00  8.980e-01  5.807e+00  3.103e-01    0.149  0.578  3.459e+00  1.166e+00    0.521  0.738 
 0.51305  10694  10719  6862   2.975e+00  2.842e+00  9.792e-01  5.797e+00  3.289e-01   -0.045  0.595  3.473e+00  1.170e+00    0.167  0.708 
 0.51356  10720  10744  6856   3.210e+00  3.170e+00  1.097e+00  6.013e+00  3.452e-01   -0.013  0.630  3.486e+00  1.173e+00    0.086  0.673 
 0.51408  10745  10770  6863   3.233e+00  3.321e+00  1.153e+00  5.758e+00  3.658e-01    0.027  0.680  3.500e+00  1.176e+00    0.082  0.684 
 0.51459  10771  10796  6861   3.370e+00  3.371e+00  1.171e+00  5.805e+00  3.674e-01    0.001  0.697  3.513e+00  1.179e+00    0.043  0.694 
 0.51510  10797  10822  6859   3.266e+00  3.374e+00  1.171e+00  5.830e+00  3.665e-01    0.033  0.705  3.527e+00  1.182e+00    0.080  0.699 
 0.51562  10823  10847  6859   3.299e+00  3.258e+00  1.129e+00  5.952e+00  3.538e-01   -0.012  0.662  3.540e+00  1.185e+00    0.073  0.686 
 0.51614  10848  10873  6860   3.083e+00  3.134e+00  1.084e+00  6.112e+00  3.390e-01    0.016  0.627  3.554e+00  1.188e+00    0.152  0.677 
 0.51665  10874  10899  6853   2.578e+00  3.143e+00  1.087e+00  5.279e+00  3.732e-01    0.219  0.678  3.567e+00  1.192e+00    0.384  0.729 
 0.51717  10900  10925  6853   3.036e+00  3.078e+00  1.061e+00  4.571e+00  4.024e-01    0.014  0.686  3.581e+00  1.195e+00    0.179  0.765 
 0.51769  10926  10951  6849   3.578e+00  2.978e+00  1.026e+00  5.467e+00  3.526e-01   -0.168  0.614  3.595e+00  1.198e+00    0.004  0.709 
 0.51820  10952  10977  6860   2.114e+00  3.038e+00  1.048e+00  5.463e+00  3.573e-01    0.437  0.670  3.608e+00  1.201e+00    0.706  0.750 
 0.51872  10978  11003  6862   4.365e+00  3.924e+00  1.256e+00  5.195e+00  4.303e-01   -0.101  0.740  5.000e+00  1.426e+00    0.145  0.831 
 0.51924  11004  11028  6860   2.984e+00  3.211e+00  1.074e+00  5.769e+00  3.575e-01    0.076  0.671  3.706e+00  1.215e+00    0.242  0.746 
 0.51976  11029  11054  6870   8.093e+00  7.889e+00  3.793e+00  5.621e+00  5.839e-01   -0.025  1.102  1.021e+01  6.132e+00    0.263  1.232 
 0.52028  11055  11080  6859   5.263e+00  5.437e+00  2.038e+00  6.011e+00  4.749e-01    0.033  1.072  6.710e+00  2.840e+00    0.275  1.286 
 0.52080  11081  11106  6857   2.865e+00  3.111e+00  1.026e+00  5.686e+00  3.536e-01    0.086  0.662  4.090e+00  1.287e+00    0.427  0.820 
 0.52132  11107  11133  6861   2.830e+00  2.771e+00  9.462e-01  5.984e+00  3.165e-01   -0.021  0.585  3.688e+00  1.220e+00    0.303  0.743 
 0.52184  11134  11159  6860   3.417e+00  3.269e+00  1.080e+00  5.879e+00  3.574e-01   -0.043  0.645  4.041e+00  1.276e+00    0.182  0.756 
 0.52236  11160  11185  6861   3.733e+00  3.891e+00  1.230e+00  6.121e+00  3.886e-01    0.042  0.736  4.895e+00  1.483e+00    0.311  0.876 
 0.52289  11186  11211  6852   2.926e+00  2.824e+00  9.625e-01  5.564e+00  3.367e-01   -0.035  0.604  3.746e+00  1.232e+00    0.280  0.766 
 0.52341  11212  11237  6856   2.992e+00  3.171e+00  1.041e+00  5.861e+00  3.511e-01    0.060  0.648  4.210e+00  1.315e+00    0.406  0.808 
 0.52393  11238  11263  6862   4.202e+00  4.210e+00  1.301e+00  6.118e+00  4.076e-01    0.002  0.762  5.457e+00  1.624e+00    0.299  0.941 
 0.52446  11264  11289  6856   2.538e+00  2.624e+00  8.953e-01  6.227e+00  2.965e-01    0.034  0.561  3.764e+00  1.237e+00    0.482  0.757 
 0.52498  11290  11316  6855   2.866e+00  3.041e+00  9.903e-01  6.162e+00  3.304e-01    0.061  0.617  4.259e+00  1.326e+00    0.485  0.816 
 0.52551  11317  11342  6854   4.104e+00  4.290e+00  1.305e+00  6.131e+00  4.117e-01    0.045  0.770  6.229e+00  1.732e+00    0.517  0.999 
 0.52603  11343  11368  6828   2.638e+00  2.458e+00  8.258e-01  6.090e+00  2.875e-01   -0.068  0.522  4.103e+00  1.289e+00    0.555  0.806 
 0.52656  11369  11395  6828   2.133e+00  2.463e+00  8.337e-01  5.625e+00  3.045e-01    0.155  0.559  3.814e+00  1.248e+00    0.788  0.818 
 0.52708  11396  11421  6853   2.837e+00  2.849e+00  9.432e-01  5.250e+00  3.518e-01    0.004  0.625  3.826e+00  1.251e+00    0.348  0.815 
 0.52761  11422  11447  6857   3.958e+00  3.980e+00  1.255e+00  5.732e+00  4.098e-01    0.006  0.757  5.025e+00  1.449e+00    0.269  0.861 
 0.52814  11448  11474  6861   2.549e+00  2.766e+00  9.289e-01  6.031e+00  3.144e-01    0.085  0.590  3.851e+00  1.256e+00    0.510  0.776 
 0.52867  11475  11500  6857   2.806e+00  2.598e+00  8.789e-01  6.152e+00  2.969e-01   -0.074  0.542  3.863e+00  1.259e+00    0.376  0.763 
 0.52920  11501  11526  6855   2.868e+00  2.965e+00  9.851e-01  6.451e+00  3.149e-01    0.034  0.603  4.066e+00  1.286e+00    0.417  0.772 
 0.52972  11527  11553  6852   3.229e+00  3.680e+00  1.191e+00  6.104e+00  3.761e-01    0.140  0.741  4.751e+00  1.378e+00    0.471  0.845 
 0.53025  11554  11579  6855   3.096e+00  2.819e+00  9.579e-01  6.070e+00  3.171e-01   -0.090  0.576  3.948e+00  1.274e+00    0.274  0.751 
 0.53078  11580  11606  6854   3.091e+00  3.105e+00  1.047e+00  6.374e+00  3.276e-01    0.005  0.630  4.166e+00  1.305e+00    0.347  0.773 
 0.53132  11607  11633  6857   3.340e+00  3.627e+00  1.203e+00  6.428e+00  3.607e-01    0.086  0.715  4.717e+00  1.420e+00    0.411  0.827 
 0.53185  11634  11659  6855   3.232e+00  3.115e+00  1.058e+00  6.205e+00  3.343e-01   -0.036  0.626  4.033e+00  1.283e+00    0.247  0.750 
 0.53238  11660  11686  6856   3.337e+00  3.496e+00  1.168e+00  6.172e+00  3.616e-01    0.048  0.692  4.275e+00  1.304e+00    0.281  0.766 
 0.53291  11687  11712  6864   4.513e+00  4.838e+00  2.125e+00  5.603e+00  4.634e-01    0.072  1.148  5.297e+00  1.624e+00    0.174  0.693 
 0.53344  11713  11739  6855   3.341e+00  3.216e+00  1.109e+00  6.142e+00  3.437e-01   -0.037  0.660  3.984e+00  1.287e+00    0.192  0.754 
 0.53398  11740  11766  6853   3.065e+00  3.281e+00  1.127e+00  6.054e+00  3.515e-01    0.070  0.687  3.997e+00  1.290e+00    0.304  0.772 
 0.53451  11767  11792  6860   3.226e+00  3.298e+00  1.129e+00  6.223e+00  3.464e-01    0.023  0.671  4.112e+00  1.301e+00    0.274  0.760 
 0.53505  11793  11819  6853   3.425e+00  3.497e+00  1.187e+00  6.098e+00  3.645e-01    0.021  0.716  4.267e+00  1.318e+00    0.245  0.778 
 0.53558  11820  11846  6855   3.320e+00  3.284e+00  1.119e+00  6.441e+00  3.377e-01   -0.011  0.657  4.234e+00  1.314e+00    0.275  0.757 
 0.53612  11847  11873  6857   3.046e+00  3.140e+00  1.076e+00  6.285e+00  3.331e-01    0.031  0.639  4.057e+00  1.305e+00    0.331  0.755 
 0.53665  11874  11900  6856   3.050e+00  3.221e+00  1.102e+00  6.134e+00  3.443e-01    0.056  0.657  4.072e+00  1.308e+00    0.334  0.761 
 0.53719  11901  11926  6844   3.134e+00  3.278e+00  1.120e+00  5.878e+00  3.581e-01    0.046  0.680  4.086e+00  1.312e+00    0.303  0.778 
 0.53773  11927  11953  6849   3.309e+00  3.187e+00  1.091e+00  6.228e+00  3.385e-01   -0.037  0.647  4.101e+00  1.315e+00    0.239  0.763 
 0.53826  11954  11980  6857   3.078e+00  3.226e+00  1.101e+00  6.153e+00  3.439e-01    0.048  0.660  4.115e+00  1.318e+00    0.336  0.768 
 0.53880  11981  12007  6855   3.092e+00  3.147e+00  1.071e+00  6.230e+00  3.356e-01    0.018  0.644  4.129e+00  1.322e+00    0.335  0.772 
 0.53934  12008  12034  6851   2.908e+00  3.049e+00  1.039e+00  6.151e+00  3.314e-01    0.048  0.638  4.143e+00  1.325e+00    0.424  0.790 
 0.53988  12035  12061  6854   2.974e+00  3.065e+00  1.044e+00  5.909e+00  3.415e-01    0.030  0.640  4.156e+00  1.328e+00    0.397  0.788 
 0.54042  12062  12088  6849   2.845e+00  3.083e+00  1.052e+00  5.870e+00  3.444e-01    0.084  0.660  4.170e+00  1.331e+00    0.465  0.805 
 0.54096  12089  12115  6855   3.142e+00  3.133e+00  1.070e+00  5.811e+00  3.503e-01   -0.003  0.655  4.182e+00  1.334e+00    0.330  0.788 
 0.54150  12116  12142  6858   3.195e+00  3.115e+00  1.062e+00  6.041e+00  3.402e-01   -0.025  0.627  4.195e+00  1.337e+00    0.312  0.764 
 0.54204  12143  12169  6856   3.139e+00  3.200e+00  1.081e+00  6.204e+00  3.403e-01    0.019  0.627  4.209e+00  1.340e+00    0.340  0.750 
 0.54258  12170  12196  6855   3.018e+00  3.124e+00  1.063e+00  6.196e+00  3.352e-01    0.035  0.629  4.224e+00  1.344e+00    0.399  0.764 
 0.54313  12197  12223  6853   3.015e+00  3.141e+00  1.070e+00  5.968e+00  3.449e-01    0.042  0.653  4.241e+00  1.350e+00    0.406  0.788 
 0.54367  12224  12251  6858   3.478e+00  3.588e+00  1.409e+00  6.028e+00  3.731e-01    0.032  0.839  4.267e+00  1.363e+00    0.227  0.763 
 0.54421  12252  12278  6855   3.058e+00  3.232e+00  1.101e+00  6.408e+00  3.352e-01    0.057  0.648  4.298e+00  1.377e+00    0.405  0.776 
 0.54476  12279  12305  6857   3.201e+00  3.282e+00  1.118e+00  6.038e+00  3.521e-01    0.025  0.654  4.325e+00  1.391e+00    0.351  0.778 
 0.54530  12306  12332  6853   3.139e+00  3.435e+00  1.171e+00  6.324e+00  3.520e-01    0.094  0.675  4.355e+00  1.406e+00    0.387  0.772 
 0.54585  12333  12360  6852   3.910e+00  3.566e+00  1.215e+00  6.186e+00  3.657e-01   -0.088  0.680  4.382e+00  1.419e+00    0.120  0.768 
 0.54639  12361  12387  6856   3.299e+00  3.523e+00  1.201e+00  6.219e+00  3.616e-01    0.068  0.685  4.411e+00  1.433e+00    0.337  0.783 
 0.54694  12388  12414  6856   3.323e+00  3.473e+00  1.183e+00  6.264e+00  3.566e-01    0.045  0.666  4.441e+00  1.448e+00    0.336  0.780 
 0.54749  12415  12442  6858   3.039e+00  3.383e+00  1.150e+00  6.119e+00  3.561e-01    0.113  0.647  4.471e+00  1.462e+00    0.470  0.788 
 0.54804  12443  12469  6858   3.362e+00  3.353e+00  1.137e+00  6.057e+00  3.563e-01   -0.003  0.635  4.500e+00  1.477e+00    0.338  0.798 
 0.54858  12470  12496  6860   3.290e+00  3.518e+00  1.192e+00  6.335e+00  3.571e-01    0.069  0.647  4.529e+00  1.491e+00    0.376  0.785 
 0.54913  12497  12524  6864   3.591e+00  3.653e+00  1.242e+00  6.170e+00  3.719e-01    0.017  0.651  4.558e+00  1.505e+00    0.269  0.767 
 0.54968  12525  12551  6860   3.786e+00  3.857e+00  1.313e+00  6.250e+00  3.816e-01    0.019  0.664  4.587e+00  1.519e+00    0.211  0.757 
 0.55023  12552  12579  6853   3.969e+00  4.187e+00  1.429e+00  6.348e+00  3.974e-01    0.055  0.727  4.673e+00  1.537e+00    0.177  0.763 
 0.55078  12580  12606  6856   4.207e+00  4.287e+00  1.465e+00  6.238e+00  4.073e-01    0.019  0.758  4.646e+00  1.548e+00    0.104  0.765 
 0.55133  12607  12634  6856   4.415e+00  4.490e+00  1.555e+00  6.143e+00  4.223e-01    0.017  0.803  4.675e+00  1.562e+00    0.059  0.774 
 0.55188  12635  12661  6857   4.447e+00  4.481e+00  1.528e+00  6.321e+00  4.149e-01    0.008  0.768  4.704e+00  1.576e+00    0.057  0.757 
 0.55243  12662  12689  6855   4.348e+00  4.487e+00  1.527e+00  6.296e+00  4.162e-01    0.032  0.780  4.733e+00  1.591e+00    0.088  0.777 
 0.55299  12690  12717  6856   4.232e+00  4.446e+00  1.511e+00  6.071e+00  4.228e-01    0.051  0.777  4.762e+00  1.605e+00    0.125  0.784 
 0.55354  12718  12744  6858   4.312e+00  4.450e+00  1.508e+00  6.230e+00  4.167e-01    0.032  0.774  4.791e+00  1.619e+00    0.111  0.790 
 0.55409  12745  12772  6857   5.314e+00  5.504e+00  1.808e+00  6.329e+00  4.652e-01    0.036  0.883  5.989e+00  1.862e+00    0.127  0.876 
 0.55465  12773  12800  6857   5.753e+00  5.858e+00  1.892e+00  6.361e+00  4.794e-01    0.018  0.903  6.355e+00  1.915e+00    0.104  0.887 
 0.55520  12801  12828  6858   4.633e+00  4.764e+00  1.598e+00  6.362e+00  4.282e-01    0.028  0.800  5.054e+00  1.685e+00    0.090  0.806 
 0.55576  12829  12855  6858   4.508e+00  4.669e+00  1.577e+00  6.328e+00  4.246e-01    0.036  0.784  4.905e+00  1.675e+00    0.088  0.797 
 0.55631  12856  12883  6864   6.589e+00  7.110e+00  2.218e+00  6.284e+00  5.308e-01    0.079  1.003  7.254e+00  2.197e+00    0.101  0.968 
 0.55687  12884  12911  6856   5.436e+00  5.525e+00  1.810e+00  6.168e+00  4.725e-01    0.016  0.863  5.639e+00  1.827e+00    0.037  0.848 
 0.55743  12912  12939  6858   1.243e+02  9.423e+01  3.479e+01  6.093e+00  9.393e-01   -0.242  0.643  9.545e+01  3.490e+01   -0.232  0.599 
 0.55798  12940  12967  6873   2.340e+02  2.698e+02  1.001e+02  6.232e+00  9.774e-01    0.153  1.086  2.216e+02  8.113e+01   -0.053  0.759 
 0.55854  12968  12995  6861   5.207e+00  5.140e+00  1.729e+00  6.067e+00  4.586e-01   -0.013  0.787  5.073e+00  1.751e+00   -0.026  0.772 
 0.55910  12996  13023  6861   6.794e+00  6.975e+00  2.213e+00  5.920e+00  5.409e-01    0.027  0.946  7.028e+00  2.199e+00    0.034  0.914 
 0.55966  13024  13050  6855   5.826e+00  6.061e+00  1.980e+00  6.097e+00  4.985e-01    0.040  0.861  5.966e+00  1.938e+00    0.024  0.815 
 0.56022  13051  13078  6856   6.151e+00  6.158e+00  2.013e+00  6.034e+00  5.051e-01    0.001  0.828  5.922e+00  1.970e+00   -0.037  0.779 
 0.56078  13079  13106  6850   7.198e+00  7.024e+00  2.248e+00  6.307e+00  5.269e-01   -0.024  0.857  7.059e+00  2.242e+00   -0.019  0.837 
 0.56134  13107  13135  6848   5.597e+00  5.566e+00  1.876e+00  6.271e+00  4.702e-01   -0.006  0.734  5.190e+00  1.815e+00   -0.073  0.681 
 0.56190  13136  13163  6854   6.968e+00  6.434e+00  2.114e+00  6.050e+00  5.154e-01   -0.077  0.732  5.873e+00  1.945e+00   -0.157  0.656 
 0.56246  13164  13191  6853   8.239e+00  7.730e+00  2.462e+00  6.220e+00  5.541e-01   -0.062  0.767  7.795e+00  2.383e+00   -0.054  0.726 
 0.56303  13192  13219  6848   7.125e+00  5.997e+00  2.019e+00  6.366e+00  4.851e-01   -0.158  0.609  5.262e+00  1.854e+00   -0.261  0.540 
 0.56359  13220  13247  6840   7.533e+00  6.160e+00  2.075e+00  6.272e+00  4.955e-01   -0.182  0.589  5.368e+00  1.879e+00   -0.287  0.517 
 0.56415  13248  13275  6840   8.959e+00  6.708e+00  2.249e+00  6.178e+00  5.206e-01   -0.251  0.559  5.785e+00  1.942e+00   -0.354  0.472 
 0.56472  13276  13303  6830   1.079e+01  7.460e+00  2.482e+00  6.313e+00  5.416e-01   -0.309  0.519  6.564e+00  2.103e+00   -0.392  0.433 
 0.56528  13304  13332  6819   1.115e+01  6.416e+00  2.160e+00  6.224e+00  5.076e-01   -0.425  0.386  5.371e+00  1.908e+00   -0.518  0.334 
 0.56585  13333  13360  6811   1.345e+01  6.453e+00  2.174e+00  6.025e+00  5.172e-01   -0.520  0.304  5.399e+00  1.922e+00   -0.599  0.266 
 0.56641  13361  13388  6808   1.775e+01  6.816e+00  2.289e+00  6.111e+00  5.273e-01   -0.616  0.242  6.017e+00  2.034e+00   -0.661  0.213 
 0.56698  13389  13417  6807   2.382e+01  7.097e+00  2.377e+00  6.259e+00  5.314e-01   -0.702  0.186  5.957e+00  2.006e+00   -0.750  0.156 
 0.56755  13418  13445  6804   3.130e+01  6.624e+00  2.229e+00  6.391e+00  5.089e-01   -0.788  0.131  5.478e+00  1.962e+00   -0.825  0.115 
 0.56811  13446  13473  6813   3.968e+01  6.641e+00  2.236e+00  6.290e+00  5.136e-01   -0.833  0.108  5.502e+00  1.975e+00   -0.861  0.095 
 0.56868  13474  13502  6816   4.621e+01  6.691e+00  2.253e+00  6.155e+00  5.209e-01   -0.855  0.099  5.524e+00  1.986e+00   -0.880  0.087 
 0.56925  13503  13530  6818   4.605e+01  6.947e+00  2.332e+00  6.215e+00  5.278e-01   -0.849  0.103  5.551e+00  2.000e+00   -0.879  0.088 
 0.56982  13531  13559  6824   3.808e+01  7.071e+00  2.374e+00  6.286e+00  5.294e-01   -0.814  0.125  5.914e+00  2.039e+00   -0.845  0.107 
 0.57039  13560  13587  6826   2.770e+01  6.913e+00  2.326e+00  6.141e+00  5.296e-01   -0.750  0.166  5.608e+00  2.028e+00   -0.798  0.144 
 0.57096  13588  13616  6829   1.996e+01  6.973e+00  2.347e+00  5.927e+00  5.405e-01   -0.651  0.237  5.635e+00  2.042e+00   -0.718  0.205 
 0.57153  13617  13644  6824   1.536e+01  7.053e+00  2.373e+00  6.110e+00  5.358e-01   -0.541  0.338  5.659e+00  2.054e+00   -0.632  0.290 
 0.57210  13645  13673  6833   1.257e+01  7.225e+00  2.427e+00  6.282e+00  5.349e-01   -0.425  0.446  5.682e+00  2.066e+00   -0.548  0.376 
 0.57267  13674  13702  6836   1.054e+01  7.298e+00  2.449e+00  6.398e+00  5.329e-01   -0.308  0.553  5.711e+00  2.081e+00   -0.458  0.461 
 0.57325  13703  13730  6842   9.181e+00  7.166e+00  2.411e+00  6.346e+00  5.304e-01   -0.220  0.623  5.740e+00  2.095e+00   -0.375  0.530 
 0.57382  13731  13759  6844   8.356e+00  7.143e+00  2.403e+00  6.344e+00  5.296e-01   -0.145  0.688  5.766e+00  2.108e+00   -0.310  0.586 
 0.57439  13760  13788  6847   7.926e+00  7.149e+00  2.402e+00  6.346e+00  5.298e-01   -0.098  0.736  5.792e+00  2.121e+00   -0.269  0.631 
 0.57497  13789  13816  6849   7.375e+00  7.107e+00  2.390e+00  6.294e+00  5.303e-01   -0.036  0.770  5.822e+00  2.136e+00   -0.211  0.662 
 0.57554  13817  13845  6851   7.447e+00  7.182e+00  2.411e+00  6.104e+00  5.406e-01   -0.036  0.794  5.823e+00  2.138e+00   -0.218  0.674 
 0.57612  13846  13874  6852   7.191e+00  7.169e+00  2.406e+00  6.228e+00  5.351e-01   -0.003  0.808  5.822e+00  2.139e+00   -0.190  0.687 
 0.57670  13875  13903  6854   7.618e+00  7.026e+00  2.363e+00  6.296e+00  5.274e-01   -0.078  0.798  5.824e+00  2.141e+00   -0.235  0.692 
 0.57727  13904  13932  6856   7.270e+00  6.984e+00  2.348e+00  6.298e+00  5.258e-01   -0.039  0.785  5.822e+00  2.143e+00   -0.199  0.687 
 0.57785  13933  13960  6854   7.180e+00  6.949e+00  2.336e+00  6.302e+00  5.244e-01   -0.032  0.793  5.826e+00  2.145e+00   -0.188  0.697 
 0.57843  13961  13989  6852   7.212e+00  6.916e+00  2.325e+00  6.099e+00  5.314e-01   -0.041  0.782  5.828e+00  2.148e+00   -0.192  0.691 
 0.57901  13990  14018  6850   7.775e+00  6.973e+00  2.336e+00  6.227e+00  5.283e-01   -0.103  0.756  5.833e+00  2.151e+00   -0.250  0.662 
 0.57958  14019  14047  6854   7.844e+00  7.005e+00  2.342e+00  6.292e+00  5.268e-01   -0.107  0.733  5.839e+00  2.155e+00   -0.255  0.645 
 0.58016  14048  14076  6855   8.165e+00  6.867e+00  2.307e+00  6.382e+00  5.183e-01   -0.159  0.685  5.847e+00  2.160e+00   -0.284  0.610 
 0.58074  14077  14105  6843   8.547e+00  6.849e+00  2.302e+00  6.292e+00  5.212e-01   -0.199  0.660  5.853e+00  2.164e+00   -0.315  0.588 
 0.58133  14106  14134  6850   8.733e+00  6.845e+00  2.300e+00  6.391e+00  5.172e-01   -0.216  0.629  5.860e+00  2.168e+00   -0.329  0.563 
 0.58191  14135  14163  6843   9.311e+00  6.848e+00  2.301e+00  6.395e+00  5.171e-01   -0.265  0.600  5.865e+00  2.171e+00   -0.370  0.539 
 0.58249  14164  14192  6837   9.807e+00  6.857e+00  2.304e+00  6.480e+00  5.141e-01   -0.301  0.563  5.870e+00  2.175e+00   -0.401  0.508 
 0.58307  14193  14222  6845   1.016e+01  6.976e+00  2.334e+00  6.479e+00  5.185e-01   -0.313  0.535  5.873e+00  2.178e+00   -0.422  0.478 
 0.58365  14223  14251  6845   1.063e+01  7.009e+00  2.344e+00  6.476e+00  5.197e-01   -0.341  0.504  5.876e+00  2.180e+00   -0.447  0.450 
 0.58424  14252  14280  6839   1.085e+01  6.974e+00  2.339e+00  6.526e+00  5.166e-01   -0.357  0.478  5.879e+00  2.183e+00   -0.458  0.431 
 0.58482  14281  14309  6841   1.104e+01  6.999e+00  2.350e+00  6.511e+00  5.181e-01   -0.366  0.457  5.880e+00  2.185e+00   -0.468  0.410 
 0.58541  14310  14338  6845   1.143e+01  7.165e+00  2.401e+00  6.444e+00  5.265e-01   -0.373  0.443  5.882e+00  2.188e+00   -0.485  0.391 
 0.58599  14339  14368  6842   1.181e+01  7.288e+00  2.446e+00  6.202e+00  5.403e-01   -0.383  0.431  5.881e+00  2.189e+00   -0.502  0.372 
 0.58658  14369  14397  6851   2.118e+01  1.587e+01  4.693e+00  6.359e+00  7.139e-01   -0.251  0.682  1.462e+01  4.086e+00   -0.310  0.580 
 0.58716  14398  14426  6845   1.504e+01  1.016e+01  3.240e+00  6.436e+00  6.122e-01   -0.325  0.495  8.336e+00  2.632e+00   -0.446  0.392 
 0.58775  14427  14456  6838   1.344e+01  8.624e+00  2.857e+00  6.540e+00  5.687e-01   -0.358  0.426  6.206e+00  2.219e+00   -0.538  0.321 
 0.58834  14457  14485  6845   1.336e+01  8.538e+00  2.849e+00  6.499e+00  5.678e-01   -0.361  0.405  5.871e+00  2.188e+00   -0.561  0.301 
 0.58893  14486  14515  6748   7.494e+01  6.217e+01  2.359e+01  5.973e+00  9.124e-01   -0.170  0.797  6.632e+01  2.352e+01   -0.114  0.728 
 0.58952  14516  14544  6859   4.642e+01  3.852e+01  1.475e+01  5.609e+00  8.729e-01   -0.170  0.858  4.078e+01  1.468e+01   -0.122  0.784 
 0.59011  14545  14554  6849   1.406e+01  8.498e+00  2.848e+00  5.663e+00  6.001e-01   -0.395  0.319  5.790e+00  2.166e+00   -0.588  0.238 
